TITLE = "LBM Simulation"
VARIABLES = "X", "Y", "rho", "u", "v"
ZONE T="Zone 0", I=60, J=20, F=POINT
0 0 0.9987182030616 0.0005287335821172836 8.405217751693518e-05
1 0 0.9989161947657964 0.001191269485600968 7.550695646298014e-05
2 0 0.9991921302774414 0.001479700001099567 0.00031928326504782355
3 0 0.999463891945535 0.001573876067776531 0.0003975159848329157
4 0 0.9997503291201179 0.001596168971847085 0.0006291661434538998
5 0 0.9999092508295071 0.0015997064880795965 0.0007093151992734094
6 0 0.9999999999999996 0.001599999999999925 0.0007999999999999539
7 0 0.9999999999999996 0.001599999999999925 0.0007999999999999539
8 0 0.9999999999999996 0.001599999999999925 0.0007999999999999539
9 0 0.9999999999999996 0.001599999999999925 0.0007999999999999539
10 0 0.9999999999999996 0.001599999999999925 0.0007999999999999539
11 0 0.9999999999999996 0.001599999999999925 0.0007999999999999539
12 0 0.9999999999999996 0.001599999999999925 0.0007999999999999539
13 0 0.9999999999999996 0.001599999999999925 0.0007999999999999539
14 0 0.9999999999999996 0.001599999999999925 0.0007999999999999539
15 0 0.9999999999999996 0.001599999999999925 0.0007999999999999539
16 0 0.9999999999999996 0.001599999999999925 0.0007999999999999539
17 0 0.9999999999999996 0.001599999999999925 0.0007999999999999539
18 0 0.9999999999999996 0.001599999999999925 0.0007999999999999539
19 0 0.9999999999999996 0.001599999999999925 0.0007999999999999539
20 0 0.9999999999999996 0.001599999999999925 0.0007999999999999539
21 0 0.9999999999999996 0.001599999999999925 0.0007999999999999539
22 0 0.9999999999999996 0.001599999999999925 0.0007999999999999539
23 0 0.9999999999999996 0.001599999999999925 0.0007999999999999539
24 0 0.9999999999999996 0.001599999999999925 0.0007999999999999539
25 0 0.9999999999999996 0.001599999999999925 0.0007999999999999539
26 0 0.9999999999999996 0.001599999999999925 0.0007999999999999539
27 0 0.9999999999999996 0.001599999999999925 0.0007999999999999539
28 0 0.9999999999999996 0.001599999999999925 0.0007999999999999539
29 0 0.9999999999999996 0.001599999999999925 0.0007999999999999539
30 0 0.9999999999999996 0.001599999999999925 0.0007999999999999539
31 0 0.9999999999999996 0.001599999999999925 0.0007999999999999539
32 0 0.9999999999999996 0.001599999999999925 0.0007999999999999539
33 0 0.9999999999999996 0.001599999999999925 0.0007999999999999539
34 0 0.9999999999999996 0.001599999999999925 0.0007999999999999539
35 0 0.9999999999999996 0.001599999999999925 0.0007999999999999539
36 0 0.9999999999999996 0.001599999999999925 0.0007999999999999539
37 0 0.9999999999999996 0.001599999999999925 0.0007999999999999539
38 0 0.9999999999999996 0.001599999999999925 0.0007999999999999539
39 0 0.9999999999999996 0.001599999999999925 0.0007999999999999539
40 0 0.9999999999999996 0.001599999999999925 0.0007999999999999539
41 0 0.9999999999999996 0.001599999999999925 0.0007999999999999539
42 0 0.9999999999999996 0.001599999999999925 0.0007999999999999539
43 0 0.9999999999999996 0.001599999999999925 0.0007999999999999539
44 0 0.9999999999999996 0.001599999999999925 0.0007999999999999539
45 0 0.9999999999999996 0.001599999999999925 0.0007999999999999539
46 0 0.9999999999999996 0.001599999999999925 0.0007999999999999539
47 0 0.9999999999999996 0.001599999999999925 0.0007999999999999539
48 0 0.9999999999999996 0.001599999999999925 0.0007999999999999539
49 0 0.9999999999999996 0.001599999999999925 0.0007999999999999539
50 0 0.9999999999999996 0.001599999999999925 0.0007999999999999539
51 0 0.9999999999999996 0.001599999999999925 0.0007999999999999539
52 0 0.9999999999999996 0.001599999999999925 0.0007999999999999539
53 0 0.9999999999999996 0.001599999999999925 0.0007999999999999539
54 0 1.0000901611937418 0.0015996799271455727 0.0007097748121136645
55 0 1.0002489424668315 0.0015960794666263006 0.000629533377496503
56 0 1.000535572160045 0.0015736380472130222 0.00039784896797477403
57 0 1.0008080517007507 0.0014792688975103418 0.00031932101179322673
58 0 1.0010845235322023 0.0011905023155258125 7.545695372636495e-05
59 0 1.001282748946427 0.0005282387304772537 8.406267355789254e-05
0 1 0.9987182030616 0.0005287335821172836 8.405217751693518e-05
1 1 0.9989161947657964 0.001191269485600968 7.550695646298014e-05
2 1 0.9991921302774414 0.001479700001099567 0.00031928326504782355
3 1 0.999463891945535 0.001573876067776531 0.0003975159848329157
4 1 0.9997503291201179 0.001596168971847085 0.0006291661434538998
5 1 0.9999092508295071 0.0015997064880795965 0.0007093151992734094
6 1 0.9999999999999996 0.001599999999999925 0.0007999999999999539
7 1 0.9999999999999996 0.001599999999999925 0.0007999999999999539
8 1 0.9999999999999996 0.001599999999999925 0.0007999999999999539
9 1 0.9999999999999996 0.001599999999999925 0.0007999999999999539
10 1 0.9999999999999996 0.001599999999999925 0.0007999999999999539
11 1 0.9999999999999996 0.001599999999999925 0.0007999999999999539
12 1 0.9999999999999996 0.001599999999999925 0.0007999999999999539
13 1 0.9999999999999996 0.001599999999999925 0.0007999999999999539
14 1 0.9999999999999996 0.001599999999999925 0.0007999999999999539
15 1 0.9999999999999996 0.001599999999999925 0.0007999999999999539
16 1 0.9999999999999996 0.001599999999999925 0.0007999999999999539
17 1 0.9999999999999996 0.001599999999999925 0.0007999999999999539
18 1 0.9999999999999996 0.001599999999999925 0.0007999999999999539
19 1 0.9999999999999996 0.001599999999999925 0.0007999999999999539
20 1 0.9999999999999996 0.001599999999999925 0.0007999999999999539
21 1 0.9999999999999996 0.001599999999999925 0.0007999999999999539
22 1 0.9999999999999996 0.001599999999999925 0.0007999999999999539
23 1 0.9999999999999996 0.001599999999999925 0.0007999999999999539
24 1 0.9999999999999996 0.001599999999999925 0.0007999999999999539
25 1 0.9999999999999996 0.001599999999999925 0.0007999999999999539
26 1 0.9999999999999996 0.001599999999999925 0.0007999999999999539
27 1 0.9999999999999996 0.001599999999999925 0.0007999999999999539
28 1 0.9999999999999996 0.001599999999999925 0.0007999999999999539
29 1 0.9999999999999996 0.001599999999999925 0.0007999999999999539
30 1 0.9999999999999996 0.001599999999999925 0.0007999999999999539
31 1 0.9999999999999996 0.001599999999999925 0.0007999999999999539
32 1 0.9999999999999996 0.001599999999999925 0.0007999999999999539
33 1 0.9999999999999996 0.001599999999999925 0.0007999999999999539
34 1 0.9999999999999996 0.001599999999999925 0.0007999999999999539
35 1 0.9999999999999996 0.001599999999999925 0.0007999999999999539
36 1 0.9999999999999996 0.001599999999999925 0.0007999999999999539
37 1 0.9999999999999996 0.001599999999999925 0.0007999999999999539
38 1 0.9999999999999996 0.001599999999999925 0.0007999999999999539
39 1 0.9999999999999996 0.001599999999999925 0.0007999999999999539
40 1 0.9999999999999996 0.001599999999999925 0.0007999999999999539
41 1 0.9999999999999996 0.001599999999999925 0.0007999999999999539
42 1 0.9999999999999996 0.001599999999999925 0.0007999999999999539
43 1 0.9999999999999996 0.001599999999999925 0.0007999999999999539
44 1 0.9999999999999996 0.001599999999999925 0.0007999999999999539
45 1 0.9999999999999996 0.001599999999999925 0.0007999999999999539
46 1 0.9999999999999996 0.001599999999999925 0.0007999999999999539
47 1 0.9999999999999996 0.001599999999999925 0.0007999999999999539
48 1 0.9999999999999996 0.001599999999999925 0.0007999999999999539
49 1 0.9999999999999996 0.001599999999999925 0.0007999999999999539
50 1 0.9999999999999996 0.001599999999999925 0.0007999999999999539
51 1 0.9999999999999996 0.001599999999999925 0.0007999999999999539
52 1 0.9999999999999996 0.001599999999999925 0.0007999999999999539
53 1 0.9999999999999996 0.001599999999999925 0.0007999999999999539
54 1 1.0000901611937418 0.0015996799271455727 0.0007097748121136645
55 1 1.0002489424668315 0.0015960794666263006 0.000629533377496503
56 1 1.000535572160045 0.0015736380472130222 0.00039784896797477403
57 1 1.0008080517007507 0.0014792688975103418 0.00031932101179322673
58 1 1.0010845235322023 0.0011905023155258125 7.545695372636495e-05
59 1 1.001282748946427 0.0005282387304772537 8.406267355789254e-05
0 2 0.9987182030616 0.0005287335821172836 8.405217751693518e-05
1 2 0.9989161947657964 0.001191269485600968 7.550695646298014e-05
2 2 0.9991921302774414 0.001479700001099567 0.00031928326504782355
3 2 0.999463891945535 0.001573876067776531 0.0003975159848329157
4 2 0.9997503291201179 0.001596168971847085 0.0006291661434538998
5 2 0.9999092508295071 0.0015997064880795965 0.0007093151992734094
6 2 0.9999999999999996 0.001599999999999925 0.0007999999999999539
7 2 0.9999999999999996 0.001599999999999925 0.0007999999999999539
8 2 0.9999999999999996 0.001599999999999925 0.0007999999999999539
9 2 0.9999999999999996 0.001599999999999925 0.0007999999999999539
10 2 0.9999999999999996 0.001599999999999925 0.0007999999999999539
11 2 0.9999999999999996 0.001599999999999925 0.0007999999999999539
12 2 0.9999999999999996 0.001599999999999925 0.0007999999999999539
13 2 0.9999999999999996 0.001599999999999925 0.0007999999999999539
14 2 0.9999999999999996 0.001599999999999925 0.0007999999999999539
15 2 0.9999999999999996 0.001599999999999925 0.0007999999999999539
16 2 0.9999999999999996 0.001599999999999925 0.0007999999999999539
17 2 0.9999999999999996 0.001599999999999925 0.0007999999999999539
18 2 0.9999999999999996 0.001599999999999925 0.0007999999999999539
19 2 0.9999999999999996 0.001599999999999925 0.0007999999999999539
20 2 0.9999999999999996 0.001599999999999925 0.0007999999999999539
21 2 0.9999999999999996 0.001599999999999925 0.0007999999999999539
22 2 0.9999999999999996 0.001599999999999925 0.0007999999999999539
23 2 0.9999999999999996 0.001599999999999925 0.0007999999999999539
24 2 0.9999999999999996 0.001599999999999925 0.0007999999999999539
25 2 0.9999999999999996 0.001599999999999925 0.0007999999999999539
26 2 0.9999999999999996 0.001599999999999925 0.0007999999999999539
27 2 0.9999999999999996 0.001599999999999925 0.0007999999999999539
28 2 0.9999999999999996 0.001599999999999925 0.0007999999999999539
29 2 0.9999999999999996 0.001599999999999925 0.0007999999999999539
30 2 0.9999999999999996 0.001599999999999925 0.0007999999999999539
31 2 0.9999999999999996 0.001599999999999925 0.0007999999999999539
32 2 0.9999999999999996 0.001599999999999925 0.0007999999999999539
33 2 0.9999999999999996 0.001599999999999925 0.0007999999999999539
34 2 0.9999999999999996 0.001599999999999925 0.0007999999999999539
35 2 0.9999999999999996 0.001599999999999925 0.0007999999999999539
36 2 0.9999999999999996 0.001599999999999925 0.0007999999999999539
37 2 0.9999999999999996 0.001599999999999925 0.0007999999999999539
38 2 0.9999999999999996 0.001599999999999925 0.0007999999999999539
39 2 0.9999999999999996 0.001599999999999925 0.0007999999999999539
40 2 0.9999999999999996 0.001599999999999925 0.0007999999999999539
41 2 0.9999999999999996 0.001599999999999925 0.0007999999999999539
42 2 0.9999999999999996 0.001599999999999925 0.0007999999999999539
43 2 0.9999999999999996 0.001599999999999925 0.0007999999999999539
44 2 0.9999999999999996 0.001599999999999925 0.0007999999999999539
45 2 0.9999999999999996 0.001599999999999925 0.0007999999999999539
46 2 0.9999999999999996 0.001599999999999925 0.0007999999999999539
47 2 0.9999999999999996 0.001599999999999925 0.0007999999999999539
48 2 0.9999999999999996 0.001599999999999925 0.0007999999999999539
49 2 0.9999999999999996 0.001599999999999925 0.0007999999999999539
50 2 0.9999999999999996 0.001599999999999925 0.0007999999999999539
51 2 0.9999999999999996 0.001599999999999925 0.0007999999999999539
52 2 0.9999999999999996 0.001599999999999925 0.0007999999999999539
53 2 0.9999999999999996 0.001599999999999925 0.0007999999999999539
54 2 1.0000901611937418 0.0015996799271455727 0.0007097748121136645
55 2 1.0002489424668315 0.0015960794666263006 0.000629533377496503
56 2 1.000535572160045 0.0015736380472130222 0.00039784896797477403
57 2 1.0008080517007507 0.0014792688975103418 0.00031932101179322673
58 2 1.0010845235322023 0.0011905023155258125 7.545695372636495e-05
59 2 1.001282748946427 0.0005282387304772537 8.406267355789254e-05
0 3 0.9987182030616 0.0005287335821172836 8.405217751693518e-05
1 3 0.9989161947657964 0.001191269485600968 7.550695646298014e-05
2 3 0.9991921302774414 0.001479700001099567 0.00031928326504782355
3 3 0.999463891945535 0.001573876067776531 0.0003975159848329157
4 3 0.9997503291201179 0.001596168971847085 0.0006291661434538998
5 3 0.9999092508295071 0.0015997064880795965 0.0007093151992734094
6 3 0.9999999999999996 0.001599999999999925 0.0007999999999999539
7 3 0.9999999999999996 0.001599999999999925 0.0007999999999999539
8 3 0.9999999999999996 0.001599999999999925 0.0007999999999999539
9 3 0.9999999999999996 0.001599999999999925 0.0007999999999999539
10 3 0.9999999999999996 0.001599999999999925 0.0007999999999999539
11 3 0.9999999999999996 0.001599999999999925 0.0007999999999999539
12 3 0.9999999999999996 0.001599999999999925 0.0007999999999999539
13 3 0.9999999999999996 0.001599999999999925 0.0007999999999999539
14 3 0.9999999999999996 0.001599999999999925 0.0007999999999999539
15 3 0.9999999999999996 0.001599999999999925 0.0007999999999999539
16 3 0.9999999999999996 0.001599999999999925 0.0007999999999999539
17 3 0.9999999999999996 0.001599999999999925 0.0007999999999999539
18 3 0.9999999999999996 0.001599999999999925 0.0007999999999999539
19 3 0.9999999999999996 0.001599999999999925 0.0007999999999999539
20 3 0.9999999999999996 0.001599999999999925 0.0007999999999999539
21 3 0.9999999999999996 0.001599999999999925 0.0007999999999999539
22 3 0.9999999999999996 0.001599999999999925 0.0007999999999999539
23 3 0.9999999999999996 0.001599999999999925 0.0007999999999999539
24 3 0.9999999999999996 0.001599999999999925 0.0007999999999999539
25 3 0.9999999999999996 0.001599999999999925 0.0007999999999999539
26 3 0.9999999999999996 0.001599999999999925 0.0007999999999999539
27 3 0.9999999999999996 0.001599999999999925 0.0007999999999999539
28 3 0.9999999999999996 0.001599999999999925 0.0007999999999999539
29 3 0.9999999999999996 0.001599999999999925 0.0007999999999999539
30 3 0.9999999999999996 0.001599999999999925 0.0007999999999999539
31 3 0.9999999999999996 0.001599999999999925 0.0007999999999999539
32 3 0.9999999999999996 0.001599999999999925 0.0007999999999999539
33 3 0.9999999999999996 0.001599999999999925 0.0007999999999999539
34 3 0.9999999999999996 0.001599999999999925 0.0007999999999999539
35 3 0.9999999999999996 0.001599999999999925 0.0007999999999999539
36 3 0.9999999999999996 0.001599999999999925 0.0007999999999999539
37 3 0.9999999999999996 0.001599999999999925 0.0007999999999999539
38 3 0.9999999999999996 0.001599999999999925 0.0007999999999999539
39 3 0.9999999999999996 0.001599999999999925 0.0007999999999999539
40 3 0.9999999999999996 0.001599999999999925 0.0007999999999999539
41 3 0.9999999999999996 0.001599999999999925 0.0007999999999999539
42 3 0.9999999999999996 0.001599999999999925 0.0007999999999999539
43 3 0.9999999999999996 0.001599999999999925 0.0007999999999999539
44 3 0.9999999999999996 0.001599999999999925 0.0007999999999999539
45 3 0.9999999999999996 0.001599999999999925 0.0007999999999999539
46 3 0.9999999999999996 0.001599999999999925 0.0007999999999999539
47 3 0.9999999999999996 0.001599999999999925 0.0007999999999999539
48 3 0.9999999999999996 0.001599999999999925 0.0007999999999999539
49 3 0.9999999999999996 0.001599999999999925 0.0007999999999999539
50 3 0.9999999999999996 0.001599999999999925 0.0007999999999999539
51 3 0.9999999999999996 0.001599999999999925 0.0007999999999999539
52 3 0.9999999999999996 0.001599999999999925 0.0007999999999999539
53 3 0.9999999999999996 0.001599999999999925 0.0007999999999999539
54 3 1.0000901611937418 0.0015996799271455727 0.0007097748121136645
55 3 1.0002489424668315 0.0015960794666263006 0.000629533377496503
56 3 1.000535572160045 0.0015736380472130222 0.00039784896797477403
57 3 1.0008080517007507 0.0014792688975103418 0.00031932101179322673
58 3 1.0010845235322023 0.0011905023155258125 7.545695372636495e-05
59 3 1.001282748946427 0.0005282387304772537 8.406267355789254e-05
0 4 0.9987182030616 0.0005287335821172836 8.405217751693518e-05
1 4 0.9989161947657964 0.001191269485600968 7.550695646298014e-05
2 4 0.9991921302774414 0.001479700001099567 0.00031928326504782355
3 4 0.999463891945535 0.001573876067776531 0.0003975159848329157
4 4 0.9997503291201179 0.001596168971847085 0.0006291661434538998
5 4 0.9999092508295071 0.0015997064880795965 0.0007093151992734094
6 4 0.9999999999999996 0.001599999999999925 0.0007999999999999539
7 4 0.9999999999999996 0.001599999999999925 0.0007999999999999539
8 4 0.9999999999999996 0.001599999999999925 0.0007999999999999539
9 4 0.9999999999999996 0.001599999999999925 0.0007999999999999539
10 4 0.9999999999999996 0.001599999999999925 0.0007999999999999539
11 4 0.9999999999999996 0.001599999999999925 0.0007999999999999539
12 4 0.9999999999999996 0.001599999999999925 0.0007999999999999539
13 4 0.9999999999999996 0.001599999999999925 0.0007999999999999539
14 4 0.9999999999999996 0.001599999999999925 0.0007999999999999539
15 4 0.9999999999999996 0.001599999999999925 0.0007999999999999539
16 4 0.9999999999999996 0.001599999999999925 0.0007999999999999539
17 4 0.9999999999999996 0.001599999999999925 0.0007999999999999539
18 4 0.9999999999999996 0.001599999999999925 0.0007999999999999539
19 4 0.9999999999999996 0.001599999999999925 0.0007999999999999539
20 4 0.9999999999999996 0.001599999999999925 0.0007999999999999539
21 4 0.9999999999999996 0.001599999999999925 0.0007999999999999539
22 4 0.9999999999999996 0.001599999999999925 0.0007999999999999539
23 4 0.9999999999999996 0.001599999999999925 0.0007999999999999539
24 4 0.9999999999999996 0.001599999999999925 0.0007999999999999539
25 4 0.9999999999999996 0.001599999999999925 0.0007999999999999539
26 4 0.9999999999999996 0.001599999999999925 0.0007999999999999539
27 4 0.9999999999999996 0.001599999999999925 0.0007999999999999539
28 4 0.9999999999999996 0.001599999999999925 0.0007999999999999539
29 4 0.9999999999999996 0.001599999999999925 0.0007999999999999539
30 4 0.9999999999999996 0.001599999999999925 0.0007999999999999539
31 4 0.9999999999999996 0.001599999999999925 0.0007999999999999539
32 4 0.9999999999999996 0.001599999999999925 0.0007999999999999539
33 4 0.9999999999999996 0.001599999999999925 0.0007999999999999539
34 4 0.9999999999999996 0.001599999999999925 0.0007999999999999539
35 4 0.9999999999999996 0.001599999999999925 0.0007999999999999539
36 4 0.9999999999999996 0.001599999999999925 0.0007999999999999539
37 4 0.9999999999999996 0.001599999999999925 0.0007999999999999539
38 4 0.9999999999999996 0.001599999999999925 0.0007999999999999539
39 4 0.9999999999999996 0.001599999999999925 0.0007999999999999539
40 4 0.9999999999999996 0.001599999999999925 0.0007999999999999539
41 4 0.9999999999999996 0.001599999999999925 0.0007999999999999539
42 4 0.9999999999999996 0.001599999999999925 0.0007999999999999539
43 4 0.9999999999999996 0.001599999999999925 0.0007999999999999539
44 4 0.9999999999999996 0.001599999999999925 0.0007999999999999539
45 4 0.9999999999999996 0.001599999999999925 0.0007999999999999539
46 4 0.9999999999999996 0.001599999999999925 0.0007999999999999539
47 4 0.9999999999999996 0.001599999999999925 0.0007999999999999539
48 4 0.9999999999999996 0.001599999999999925 0.0007999999999999539
49 4 0.9999999999999996 0.001599999999999925 0.0007999999999999539
50 4 0.9999999999999996 0.001599999999999925 0.0007999999999999539
51 4 0.9999999999999996 0.001599999999999925 0.0007999999999999539
52 4 0.9999999999999996 0.001599999999999925 0.0007999999999999539
53 4 0.9999999999999996 0.001599999999999925 0.0007999999999999539
54 4 1.0000901611937418 0.0015996799271455727 0.0007097748121136645
55 4 1.0002489424668315 0.0015960794666263006 0.000629533377496503
56 4 1.000535572160045 0.0015736380472130222 0.00039784896797477403
57 4 1.0008080517007507 0.0014792688975103418 0.00031932101179322673
58 4 1.0010845235322023 0.0011905023155258125 7.545695372636495e-05
59 4 1.001282748946427 0.0005282387304772537 8.406267355789254e-05
0 5 0.9987182030616 0.0005287335821172836 8.405217751693518e-05
1 5 0.9989161947657964 0.001191269485600968 7.550695646298014e-05
2 5 0.9991921302774414 0.001479700001099567 0.00031928326504782355
3 5 0.999463891945535 0.001573876067776531 0.0003975159848329157
4 5 0.9997503291201179 0.001596168971847085 0.0006291661434538998
5 5 0.9999092508295071 0.0015997064880795965 0.0007093151992734094
6 5 0.9999999999999996 0.001599999999999925 0.0007999999999999539
7 5 0.9999999999999996 0.001599999999999925 0.0007999999999999539
8 5 0.9999999999999996 0.001599999999999925 0.0007999999999999539
9 5 0.9999999999999996 0.001599999999999925 0.0007999999999999539
10 5 0.9999999999999996 0.001599999999999925 0.0007999999999999539
11 5 0.9999999999999996 0.001599999999999925 0.0007999999999999539
12 5 0.9999999999999996 0.001599999999999925 0.0007999999999999539
13 5 0.9999999999999996 0.001599999999999925 0.0007999999999999539
14 5 0.9999999999999996 0.001599999999999925 0.0007999999999999539
15 5 0.9999999999999996 0.001599999999999925 0.0007999999999999539
16 5 0.9999999999999996 0.001599999999999925 0.0007999999999999539
17 5 0.9999999999999996 0.001599999999999925 0.0007999999999999539
18 5 0.9999999999999996 0.001599999999999925 0.0007999999999999539
19 5 0.9999999999999996 0.001599999999999925 0.0007999999999999539
20 5 0.9999999999999996 0.001599999999999925 0.0007999999999999539
21 5 0.9999999999999996 0.001599999999999925 0.0007999999999999539
22 5 0.9999999999999996 0.001599999999999925 0.0007999999999999539
23 5 0.9999999999999996 0.001599999999999925 0.0007999999999999539
24 5 0.9999999999999996 0.001599999999999925 0.0007999999999999539
25 5 0.9999999999999996 0.001599999999999925 0.0007999999999999539
26 5 0.9999999999999996 0.001599999999999925 0.0007999999999999539
27 5 0.9999999999999996 0.001599999999999925 0.0007999999999999539
28 5 0.9999999999999996 0.001599999999999925 0.0007999999999999539
29 5 0.9999999999999996 0.001599999999999925 0.0007999999999999539
30 5 0.9999999999999996 0.001599999999999925 0.0007999999999999539
31 5 0.9999999999999996 0.001599999999999925 0.0007999999999999539
32 5 0.9999999999999996 0.001599999999999925 0.0007999999999999539
33 5 0.9999999999999996 0.001599999999999925 0.0007999999999999539
34 5 0.9999999999999996 0.001599999999999925 0.0007999999999999539
35 5 0.9999999999999996 0.001599999999999925 0.0007999999999999539
36 5 0.9999999999999996 0.001599999999999925 0.0007999999999999539
37 5 0.9999999999999996 0.001599999999999925 0.0007999999999999539
38 5 0.9999999999999996 0.001599999999999925 0.0007999999999999539
39 5 0.9999999999999996 0.001599999999999925 0.0007999999999999539
40 5 0.9999999999999996 0.001599999999999925 0.0007999999999999539
41 5 0.9999999999999996 0.001599999999999925 0.0007999999999999539
42 5 0.9999999999999996 0.001599999999999925 0.0007999999999999539
43 5 0.9999999999999996 0.001599999999999925 0.0007999999999999539
44 5 0.9999999999999996 0.001599999999999925 0.0007999999999999539
45 5 0.9999999999999996 0.001599999999999925 0.0007999999999999539
46 5 0.9999999999999996 0.001599999999999925 0.0007999999999999539
47 5 0.9999999999999996 0.001599999999999925 0.0007999999999999539
48 5 0.9999999999999996 0.001599999999999925 0.0007999999999999539
49 5 0.9999999999999996 0.001599999999999925 0.0007999999999999539
50 5 0.9999999999999996 0.001599999999999925 0.0007999999999999539
51 5 0.9999999999999996 0.001599999999999925 0.0007999999999999539
52 5 0.9999999999999996 0.001599999999999925 0.0007999999999999539
53 5 0.9999999999999996 0.001599999999999925 0.0007999999999999539
54 5 1.0000901611937418 0.0015996799271455727 0.0007097748121136645
55 5 1.0002489424668315 0.0015960794666263006 0.000629533377496503
56 5 1.000535572160045 0.0015736380472130222 0.00039784896797477403
57 5 1.0008080517007507 0.0014792688975103418 0.00031932101179322673
58 5 1.0010845235322023 0.0011905023155258125 7.545695372636495e-05
59 5 1.001282748946427 0.0005282387304772537 8.406267355789254e-05
0 6 0.9987182030616 0.0005287335821172836 8.405217751693518e-05
1 6 0.9989161947657964 0.001191269485600968 7.550695646298014e-05
2 6 0.9991921302774414 0.001479700001099567 0.00031928326504782355
3 6 0.999463891945535 0.001573876067776531 0.0003975159848329157
4 6 0.9997503291201179 0.001596168971847085 0.0006291661434538998
5 6 0.9999092508295071 0.0015997064880795965 0.0007093151992734094
6 6 0.9999999999999996 0.001599999999999925 0.0007999999999999539
7 6 0.9999999999999996 0.001599999999999925 0.0007999999999999539
8 6 0.9999999999999996 0.001599999999999925 0.0007999999999999539
9 6 0.9999999999999996 0.001599999999999925 0.0007999999999999539
10 6 0.9999999999999996 0.001599999999999925 0.0007999999999999539
11 6 0.9999999999999996 0.001599999999999925 0.0007999999999999539
12 6 0.9999999999999996 0.001599999999999925 0.0007999999999999539
13 6 0.9999999999999996 0.001599999999999925 0.0007999999999999539
14 6 0.9999999999999996 0.001599999999999925 0.0007999999999999539
15 6 0.9999999999999996 0.001599999999999925 0.0007999999999999539
16 6 0.9999999999999996 0.001599999999999925 0.0007999999999999539
17 6 0.9999999999999996 0.001599999999999925 0.0007999999999999539
18 6 0.9999999999999996 0.001599999999999925 0.0007999999999999539
19 6 0.9999999999999996 0.001599999999999925 0.0007999999999999539
20 6 0.9999999999999996 0.001599999999999925 0.0007999999999999539
21 6 0.9999999999999996 0.001599999999999925 0.0007999999999999539
22 6 0.9999999999999996 0.001599999999999925 0.0007999999999999539
23 6 0.9999999999999996 0.001599999999999925 0.0007999999999999539
24 6 0.9999999999999996 0.001599999999999925 0.0007999999999999539
25 6 0.9999999999999996 0.001599999999999925 0.0007999999999999539
26 6 0.9999999999999996 0.001599999999999925 0.0007999999999999539
27 6 0.9999999999999996 0.001599999999999925 0.0007999999999999539
28 6 0.9999999999999996 0.001599999999999925 0.0007999999999999539
29 6 0.9999999999999996 0.001599999999999925 0.0007999999999999539
30 6 0.9999999999999996 0.001599999999999925 0.0007999999999999539
31 6 0.9999999999999996 0.001599999999999925 0.0007999999999999539
32 6 0.9999999999999996 0.001599999999999925 0.0007999999999999539
33 6 0.9999999999999996 0.001599999999999925 0.0007999999999999539
34 6 0.9999999999999996 0.001599999999999925 0.0007999999999999539
35 6 0.9999999999999996 0.001599999999999925 0.0007999999999999539
36 6 0.9999999999999996 0.001599999999999925 0.0007999999999999539
37 6 0.9999999999999996 0.001599999999999925 0.0007999999999999539
38 6 0.9999999999999996 0.001599999999999925 0.0007999999999999539
39 6 0.9999999999999996 0.001599999999999925 0.0007999999999999539
40 6 0.9999999999999996 0.001599999999999925 0.0007999999999999539
41 6 0.9999999999999996 0.001599999999999925 0.0007999999999999539
42 6 0.9999999999999996 0.001599999999999925 0.0007999999999999539
43 6 0.9999999999999996 0.001599999999999925 0.0007999999999999539
44 6 0.9999999999999996 0.001599999999999925 0.0007999999999999539
45 6 0.9999999999999996 0.001599999999999925 0.0007999999999999539
46 6 0.9999999999999996 0.001599999999999925 0.0007999999999999539
47 6 0.9999999999999996 0.001599999999999925 0.0007999999999999539
48 6 0.9999999999999996 0.001599999999999925 0.0007999999999999539
49 6 0.9999999999999996 0.001599999999999925 0.0007999999999999539
50 6 0.9999999999999996 0.001599999999999925 0.0007999999999999539
51 6 0.9999999999999996 0.001599999999999925 0.0007999999999999539
52 6 0.9999999999999996 0.001599999999999925 0.0007999999999999539
53 6 0.9999999999999996 0.001599999999999925 0.0007999999999999539
54 6 1.0000901611937418 0.0015996799271455727 0.0007097748121136645
55 6 1.0002489424668315 0.0015960794666263006 0.000629533377496503
56 6 1.000535572160045 0.0015736380472130222 0.00039784896797477403
57 6 1.0008080517007507 0.0014792688975103418 0.00031932101179322673
58 6 1.0010845235322023 0.0011905023155258125 7.545695372636495e-05
59 6 1.001282748946427 0.0005282387304772537 8.406267355789254e-05
0 7 0.9987182030616 0.0005287335821172836 8.405217751693518e-05
1 7 0.9989161947657964 0.001191269485600968 7.550695646298014e-05
2 7 0.9991921302774414 0.001479700001099567 0.00031928326504782355
3 7 0.999463891945535 0.001573876067776531 0.0003975159848329157
4 7 0.9997503291201179 0.001596168971847085 0.0006291661434538998
5 7 0.9999092508295071 0.0015997064880795965 0.0007093151992734094
6 7 0.9999999999999996 0.001599999999999925 0.0007999999999999539
7 7 0.9999999999999996 0.001599999999999925 0.0007999999999999539
8 7 0.9999999999999996 0.001599999999999925 0.0007999999999999539
9 7 0.9999999999999996 0.001599999999999925 0.0007999999999999539
10 7 0.9999999999999996 0.001599999999999925 0.0007999999999999539
11 7 0.9999999999999996 0.001599999999999925 0.0007999999999999539
12 7 0.9999999999999996 0.001599999999999925 0.0007999999999999539
13 7 0.9999999999999996 0.001599999999999925 0.0007999999999999539
14 7 0.9999999999999996 0.001599999999999925 0.0007999999999999539
15 7 0.9999999999999996 0.001599999999999925 0.0007999999999999539
16 7 0.9999999999999996 0.001599999999999925 0.0007999999999999539
17 7 0.9999999999999996 0.001599999999999925 0.0007999999999999539
18 7 0.9999999999999996 0.001599999999999925 0.0007999999999999539
19 7 0.9999999999999996 0.001599999999999925 0.0007999999999999539
20 7 0.9999999999999996 0.001599999999999925 0.0007999999999999539
21 7 0.9999999999999996 0.001599999999999925 0.0007999999999999539
22 7 0.9999999999999996 0.001599999999999925 0.0007999999999999539
23 7 0.9999999999999996 0.001599999999999925 0.0007999999999999539
24 7 0.9999999999999996 0.001599999999999925 0.0007999999999999539
25 7 0.9999999999999996 0.001599999999999925 0.0007999999999999539
26 7 0.9999999999999996 0.001599999999999925 0.0007999999999999539
27 7 0.9999999999999996 0.001599999999999925 0.0007999999999999539
28 7 0.9999999999999996 0.001599999999999925 0.0007999999999999539
29 7 0.9999999999999996 0.001599999999999925 0.0007999999999999539
30 7 0.9999999999999996 0.001599999999999925 0.0007999999999999539
31 7 0.9999999999999996 0.001599999999999925 0.0007999999999999539
32 7 0.9999999999999996 0.001599999999999925 0.0007999999999999539
33 7 0.9999999999999996 0.001599999999999925 0.0007999999999999539
34 7 0.9999999999999996 0.001599999999999925 0.0007999999999999539
35 7 0.9999999999999996 0.001599999999999925 0.0007999999999999539
36 7 0.9999999999999996 0.001599999999999925 0.0007999999999999539
37 7 0.9999999999999996 0.001599999999999925 0.0007999999999999539
38 7 0.9999999999999996 0.001599999999999925 0.0007999999999999539
39 7 0.9999999999999996 0.001599999999999925 0.0007999999999999539
40 7 0.9999999999999996 0.001599999999999925 0.0007999999999999539
41 7 0.9999999999999996 0.001599999999999925 0.0007999999999999539
42 7 0.9999999999999996 0.001599999999999925 0.0007999999999999539
43 7 0.9999999999999996 0.001599999999999925 0.0007999999999999539
44 7 0.9999999999999996 0.001599999999999925 0.0007999999999999539
45 7 0.9999999999999996 0.001599999999999925 0.0007999999999999539
46 7 0.9999999999999996 0.001599999999999925 0.0007999999999999539
47 7 0.9999999999999996 0.001599999999999925 0.0007999999999999539
48 7 0.9999999999999996 0.001599999999999925 0.0007999999999999539
49 7 0.9999999999999996 0.001599999999999925 0.0007999999999999539
50 7 0.9999999999999996 0.001599999999999925 0.0007999999999999539
51 7 0.9999999999999996 0.001599999999999925 0.0007999999999999539
52 7 0.9999999999999996 0.001599999999999925 0.0007999999999999539
53 7 0.9999999999999996 0.001599999999999925 0.0007999999999999539
54 7 1.0000901611937418 0.0015996799271455727 0.0007097748121136645
55 7 1.0002489424668315 0.0015960794666263006 0.000629533377496503
56 7 1.000535572160045 0.0015736380472130222 0.00039784896797477403
57 7 1.0008080517007507 0.0014792688975103418 0.00031932101179322673
58 7 1.0010845235322023 0.0011905023155258125 7.545695372636495e-05
59 7 1.001282748946427 0.0005282387304772537 8.406267355789254e-05
0 8 0.9987182030616 0.0005287335821172836 8.405217751693518e-05
1 8 0.9989161947657964 0.001191269485600968 7.550695646298014e-05
2 8 0.9991921302774414 0.001479700001099567 0.00031928326504782355
3 8 0.999463891945535 0.001573876067776531 0.0003975159848329157
4 8 0.9997503291201179 0.001596168971847085 0.0006291661434538998
5 8 0.9999092508295071 0.0015997064880795965 0.0007093151992734094
6 8 0.9999999999999996 0.001599999999999925 0.0007999999999999539
7 8 0.9999999999999996 0.001599999999999925 0.0007999999999999539
8 8 0.9999999999999996 0.001599999999999925 0.0007999999999999539
9 8 0.9999999999999996 0.001599999999999925 0.0007999999999999539
10 8 0.9999999999999996 0.001599999999999925 0.0007999999999999539
11 8 0.9999999999999996 0.001599999999999925 0.0007999999999999539
12 8 0.9999999999999996 0.001599999999999925 0.0007999999999999539
13 8 0.9999999999999996 0.001599999999999925 0.0007999999999999539
14 8 0.9999999999999996 0.001599999999999925 0.0007999999999999539
15 8 0.9999999999999996 0.001599999999999925 0.0007999999999999539
16 8 0.9999999999999996 0.001599999999999925 0.0007999999999999539
17 8 0.9999999999999996 0.001599999999999925 0.0007999999999999539
18 8 0.9999999999999996 0.001599999999999925 0.0007999999999999539
19 8 0.9999999999999996 0.001599999999999925 0.0007999999999999539
20 8 0.9999999999999996 0.001599999999999925 0.0007999999999999539
21 8 0.9999999999999996 0.001599999999999925 0.0007999999999999539
22 8 0.9999999999999996 0.001599999999999925 0.0007999999999999539
23 8 0.9999999999999996 0.001599999999999925 0.0007999999999999539
24 8 0.9999999999999996 0.001599999999999925 0.0007999999999999539
25 8 0.9999999999999996 0.001599999999999925 0.0007999999999999539
26 8 0.9999999999999996 0.001599999999999925 0.0007999999999999539
27 8 0.9999999999999996 0.001599999999999925 0.0007999999999999539
28 8 0.9999999999999996 0.001599999999999925 0.0007999999999999539
29 8 0.9999999999999996 0.001599999999999925 0.0007999999999999539
30 8 0.9999999999999996 0.001599999999999925 0.0007999999999999539
31 8 0.9999999999999996 0.001599999999999925 0.0007999999999999539
32 8 0.9999999999999996 0.001599999999999925 0.0007999999999999539
33 8 0.9999999999999996 0.001599999999999925 0.0007999999999999539
34 8 0.9999999999999996 0.001599999999999925 0.0007999999999999539
35 8 0.9999999999999996 0.001599999999999925 0.0007999999999999539
36 8 0.9999999999999996 0.001599999999999925 0.0007999999999999539
37 8 0.9999999999999996 0.001599999999999925 0.0007999999999999539
38 8 0.9999999999999996 0.001599999999999925 0.0007999999999999539
39 8 0.9999999999999996 0.001599999999999925 0.0007999999999999539
40 8 0.9999999999999996 0.001599999999999925 0.0007999999999999539
41 8 0.9999999999999996 0.001599999999999925 0.0007999999999999539
42 8 0.9999999999999996 0.001599999999999925 0.0007999999999999539
43 8 0.9999999999999996 0.001599999999999925 0.0007999999999999539
44 8 0.9999999999999996 0.001599999999999925 0.0007999999999999539
45 8 0.9999999999999996 0.001599999999999925 0.0007999999999999539
46 8 0.9999999999999996 0.001599999999999925 0.0007999999999999539
47 8 0.9999999999999996 0.001599999999999925 0.0007999999999999539
48 8 0.9999999999999996 0.001599999999999925 0.0007999999999999539
49 8 0.9999999999999996 0.001599999999999925 0.0007999999999999539
50 8 0.9999999999999996 0.001599999999999925 0.0007999999999999539
51 8 0.9999999999999996 0.001599999999999925 0.0007999999999999539
52 8 0.9999999999999996 0.001599999999999925 0.0007999999999999539
53 8 0.9999999999999996 0.001599999999999925 0.0007999999999999539
54 8 1.0000901611937418 0.0015996799271455727 0.0007097748121136645
55 8 1.0002489424668315 0.0015960794666263006 0.000629533377496503
56 8 1.000535572160045 0.0015736380472130222 0.00039784896797477403
57 8 1.0008080517007507 0.0014792688975103418 0.00031932101179322673
58 8 1.0010845235322023 0.0011905023155258125 7.545695372636495e-05
59 8 1.001282748946427 0.0005282387304772537 8.406267355789254e-05
0 9 0.9987182030616 0.0005287335821172836 8.405217751693518e-05
1 9 0.9989161947657964 0.001191269485600968 7.550695646298014e-05
2 9 0.9991921302774414 0.001479700001099567 0.00031928326504782355
3 9 0.999463891945535 0.001573876067776531 0.0003975159848329157
4 9 0.9997503291201179 0.001596168971847085 0.0006291661434538998
5 9 0.9999092508295071 0.0015997064880795965 0.0007093151992734094
6 9 0.9999999999999996 0.001599999999999925 0.0007999999999999539
7 9 0.9999999999999996 0.001599999999999925 0.0007999999999999539
8 9 0.9999999999999996 0.001599999999999925 0.0007999999999999539
9 9 0.9999999999999996 0.001599999999999925 0.0007999999999999539
10 9 0.9999999999999996 0.001599999999999925 0.0007999999999999539
11 9 0.9999999999999996 0.001599999999999925 0.0007999999999999539
12 9 0.9999999999999996 0.001599999999999925 0.0007999999999999539
13 9 0.9999999999999996 0.001599999999999925 0.0007999999999999539
14 9 0.9999999999999996 0.001599999999999925 0.0007999999999999539
15 9 0.9999999999999996 0.001599999999999925 0.0007999999999999539
16 9 0.9999999999999996 0.001599999999999925 0.0007999999999999539
17 9 0.9999999999999996 0.001599999999999925 0.0007999999999999539
18 9 0.9999999999999996 0.001599999999999925 0.0007999999999999539
19 9 0.9999999999999996 0.001599999999999925 0.0007999999999999539
20 9 0.9999999999999996 0.001599999999999925 0.0007999999999999539
21 9 0.9999999999999996 0.001599999999999925 0.0007999999999999539
22 9 0.9999999999999996 0.001599999999999925 0.0007999999999999539
23 9 0.9999999999999996 0.001599999999999925 0.0007999999999999539
24 9 0.9999999999999996 0.001599999999999925 0.0007999999999999539
25 9 0.9999999999999996 0.001599999999999925 0.0007999999999999539
26 9 0.9999999999999996 0.001599999999999925 0.0007999999999999539
27 9 0.9999999999999996 0.001599999999999925 0.0007999999999999539
28 9 0.9999999999999996 0.001599999999999925 0.0007999999999999539
29 9 0.9999999999999996 0.001599999999999925 0.0007999999999999539
30 9 0.9999999999999996 0.001599999999999925 0.0007999999999999539
31 9 0.9999999999999996 0.001599999999999925 0.0007999999999999539
32 9 0.9999999999999996 0.001599999999999925 0.0007999999999999539
33 9 0.9999999999999996 0.001599999999999925 0.0007999999999999539
34 9 0.9999999999999996 0.001599999999999925 0.0007999999999999539
35 9 0.9999999999999996 0.001599999999999925 0.0007999999999999539
36 9 0.9999999999999996 0.001599999999999925 0.0007999999999999539
37 9 0.9999999999999996 0.001599999999999925 0.0007999999999999539
38 9 0.9999999999999996 0.001599999999999925 0.0007999999999999539
39 9 0.9999999999999996 0.001599999999999925 0.0007999999999999539
40 9 0.9999999999999996 0.001599999999999925 0.0007999999999999539
41 9 0.9999999999999996 0.001599999999999925 0.0007999999999999539
42 9 0.9999999999999996 0.001599999999999925 0.0007999999999999539
43 9 0.9999999999999996 0.001599999999999925 0.0007999999999999539
44 9 0.9999999999999996 0.001599999999999925 0.0007999999999999539
45 9 0.9999999999999996 0.001599999999999925 0.0007999999999999539
46 9 0.9999999999999996 0.001599999999999925 0.0007999999999999539
47 9 0.9999999999999996 0.001599999999999925 0.0007999999999999539
48 9 0.9999999999999996 0.001599999999999925 0.0007999999999999539
49 9 0.9999999999999996 0.001599999999999925 0.0007999999999999539
50 9 0.9999999999999996 0.001599999999999925 0.0007999999999999539
51 9 0.9999999999999996 0.001599999999999925 0.0007999999999999539
52 9 0.9999999999999996 0.001599999999999925 0.0007999999999999539
53 9 0.9999999999999996 0.001599999999999925 0.0007999999999999539
54 9 1.0000901611937418 0.0015996799271455727 0.0007097748121136645
55 9 1.0002489424668315 0.0015960794666263006 0.000629533377496503
56 9 1.000535572160045 0.0015736380472130222 0.00039784896797477403
57 9 1.0008080517007507 0.0014792688975103418 0.00031932101179322673
58 9 1.0010845235322023 0.0011905023155258125 7.545695372636495e-05
59 9 1.001282748946427 0.0005282387304772537 8.406267355789254e-05
0 10 0.9987182030616 0.0005287335821172836 8.405217751693518e-05
1 10 0.9989161947657964 0.001191269485600968 7.550695646298014e-05
2 10 0.9991921302774414 0.001479700001099567 0.00031928326504782355
3 10 0.999463891945535 0.001573876067776531 0.0003975159848329157
4 10 0.9997503291201179 0.001596168971847085 0.0006291661434538998
5 10 0.9999092508295071 0.0015997064880795965 0.0007093151992734094
6 10 0.9999999999999996 0.001599999999999925 0.0007999999999999539
7 10 0.9999999999999996 0.001599999999999925 0.0007999999999999539
8 10 0.9999999999999996 0.001599999999999925 0.0007999999999999539
9 10 0.9999999999999996 0.001599999999999925 0.0007999999999999539
10 10 0.9999999999999996 0.001599999999999925 0.0007999999999999539
11 10 0.9999999999999996 0.001599999999999925 0.0007999999999999539
12 10 0.9999999999999996 0.001599999999999925 0.0007999999999999539
13 10 0.9999999999999996 0.001599999999999925 0.0007999999999999539
14 10 0.9999999999999996 0.001599999999999925 0.0007999999999999539
15 10 0.9999999999999996 0.001599999999999925 0.0007999999999999539
16 10 0.9999999999999996 0.001599999999999925 0.0007999999999999539
17 10 0.9999999999999996 0.001599999999999925 0.0007999999999999539
18 10 0.9999999999999996 0.001599999999999925 0.0007999999999999539
19 10 0.9999999999999996 0.001599999999999925 0.0007999999999999539
20 10 0.9999999999999996 0.001599999999999925 0.0007999999999999539
21 10 0.9999999999999996 0.001599999999999925 0.0007999999999999539
22 10 0.9999999999999996 0.001599999999999925 0.0007999999999999539
23 10 0.9999999999999996 0.001599999999999925 0.0007999999999999539
24 10 0.9999999999999996 0.001599999999999925 0.0007999999999999539
25 10 0.9999999999999996 0.001599999999999925 0.0007999999999999539
26 10 0.9999999999999996 0.001599999999999925 0.0007999999999999539
27 10 0.9999999999999996 0.001599999999999925 0.0007999999999999539
28 10 0.9999999999999996 0.001599999999999925 0.0007999999999999539
29 10 0.9999999999999996 0.001599999999999925 0.0007999999999999539
30 10 0.9999999999999996 0.001599999999999925 0.0007999999999999539
31 10 0.9999999999999996 0.001599999999999925 0.0007999999999999539
32 10 0.9999999999999996 0.001599999999999925 0.0007999999999999539
33 10 0.9999999999999996 0.001599999999999925 0.0007999999999999539
34 10 0.9999999999999996 0.001599999999999925 0.0007999999999999539
35 10 0.9999999999999996 0.001599999999999925 0.0007999999999999539
36 10 0.9999999999999996 0.001599999999999925 0.0007999999999999539
37 10 0.9999999999999996 0.001599999999999925 0.0007999999999999539
38 10 0.9999999999999996 0.001599999999999925 0.0007999999999999539
39 10 0.9999999999999996 0.001599999999999925 0.0007999999999999539
40 10 0.9999999999999996 0.001599999999999925 0.0007999999999999539
41 10 0.9999999999999996 0.001599999999999925 0.0007999999999999539
42 10 0.9999999999999996 0.001599999999999925 0.0007999999999999539
43 10 0.9999999999999996 0.001599999999999925 0.0007999999999999539
44 10 0.9999999999999996 0.001599999999999925 0.0007999999999999539
45 10 0.9999999999999996 0.001599999999999925 0.0007999999999999539
46 10 0.9999999999999996 0.001599999999999925 0.0007999999999999539
47 10 0.9999999999999996 0.001599999999999925 0.0007999999999999539
48 10 0.9999999999999996 0.001599999999999925 0.0007999999999999539
49 10 0.9999999999999996 0.001599999999999925 0.0007999999999999539
50 10 0.9999999999999996 0.001599999999999925 0.0007999999999999539
51 10 0.9999999999999996 0.001599999999999925 0.0007999999999999539
52 10 0.9999999999999996 0.001599999999999925 0.0007999999999999539
53 10 0.9999999999999996 0.001599999999999925 0.0007999999999999539
54 10 1.0000901611937418 0.0015996799271455727 0.0007097748121136645
55 10 1.0002489424668315 0.0015960794666263006 0.000629533377496503
56 10 1.000535572160045 0.0015736380472130222 0.00039784896797477403
57 10 1.0008080517007507 0.0014792688975103418 0.00031932101179322673
58 10 1.0010845235322023 0.0011905023155258125 7.545695372636495e-05
59 10 1.001282748946427 0.0005282387304772537 8.406267355789254e-05
0 11 0.9987182030616 0.0005287335821172836 8.405217751693518e-05
1 11 0.9989161947657964 0.001191269485600968 7.550695646298014e-05
2 11 0.9991921302774414 0.001479700001099567 0.00031928326504782355
3 11 0.999463891945535 0.001573876067776531 0.0003975159848329157
4 11 0.9997503291201179 0.001596168971847085 0.0006291661434538998
5 11 0.9999092508295071 0.0015997064880795965 0.0007093151992734094
6 11 0.9999999999999996 0.001599999999999925 0.0007999999999999539
7 11 0.9999999999999996 0.001599999999999925 0.0007999999999999539
8 11 0.9999999999999996 0.001599999999999925 0.0007999999999999539
9 11 0.9999999999999996 0.001599999999999925 0.0007999999999999539
10 11 0.9999999999999996 0.001599999999999925 0.0007999999999999539
11 11 0.9999999999999996 0.001599999999999925 0.0007999999999999539
12 11 0.9999999999999996 0.001599999999999925 0.0007999999999999539
13 11 0.9999999999999996 0.001599999999999925 0.0007999999999999539
14 11 0.9999999999999996 0.001599999999999925 0.0007999999999999539
15 11 0.9999999999999996 0.001599999999999925 0.0007999999999999539
16 11 0.9999999999999996 0.001599999999999925 0.0007999999999999539
17 11 0.9999999999999996 0.001599999999999925 0.0007999999999999539
18 11 0.9999999999999996 0.001599999999999925 0.0007999999999999539
19 11 0.9999999999999996 0.001599999999999925 0.0007999999999999539
20 11 0.9999999999999996 0.001599999999999925 0.0007999999999999539
21 11 0.9999999999999996 0.001599999999999925 0.0007999999999999539
22 11 0.9999999999999996 0.001599999999999925 0.0007999999999999539
23 11 0.9999999999999996 0.001599999999999925 0.0007999999999999539
24 11 0.9999999999999996 0.001599999999999925 0.0007999999999999539
25 11 0.9999999999999996 0.001599999999999925 0.0007999999999999539
26 11 0.9999999999999996 0.001599999999999925 0.0007999999999999539
27 11 0.9999999999999996 0.001599999999999925 0.0007999999999999539
28 11 0.9999999999999996 0.001599999999999925 0.0007999999999999539
29 11 0.9999999999999996 0.001599999999999925 0.0007999999999999539
30 11 0.9999999999999996 0.001599999999999925 0.0007999999999999539
31 11 0.9999999999999996 0.001599999999999925 0.0007999999999999539
32 11 0.9999999999999996 0.001599999999999925 0.0007999999999999539
33 11 0.9999999999999996 0.001599999999999925 0.0007999999999999539
34 11 0.9999999999999996 0.001599999999999925 0.0007999999999999539
35 11 0.9999999999999996 0.001599999999999925 0.0007999999999999539
36 11 0.9999999999999996 0.001599999999999925 0.0007999999999999539
37 11 0.9999999999999996 0.001599999999999925 0.0007999999999999539
38 11 0.9999999999999996 0.001599999999999925 0.0007999999999999539
39 11 0.9999999999999996 0.001599999999999925 0.0007999999999999539
40 11 0.9999999999999996 0.001599999999999925 0.0007999999999999539
41 11 0.9999999999999996 0.001599999999999925 0.0007999999999999539
42 11 0.9999999999999996 0.001599999999999925 0.0007999999999999539
43 11 0.9999999999999996 0.001599999999999925 0.0007999999999999539
44 11 0.9999999999999996 0.001599999999999925 0.0007999999999999539
45 11 0.9999999999999996 0.001599999999999925 0.0007999999999999539
46 11 0.9999999999999996 0.001599999999999925 0.0007999999999999539
47 11 0.9999999999999996 0.001599999999999925 0.0007999999999999539
48 11 0.9999999999999996 0.001599999999999925 0.0007999999999999539
49 11 0.9999999999999996 0.001599999999999925 0.0007999999999999539
50 11 0.9999999999999996 0.001599999999999925 0.0007999999999999539
51 11 0.9999999999999996 0.001599999999999925 0.0007999999999999539
52 11 0.9999999999999996 0.001599999999999925 0.0007999999999999539
53 11 0.9999999999999996 0.001599999999999925 0.0007999999999999539
54 11 1.0000901611937418 0.0015996799271455727 0.0007097748121136645
55 11 1.0002489424668315 0.0015960794666263006 0.000629533377496503
56 11 1.000535572160045 0.0015736380472130222 0.00039784896797477403
57 11 1.0008080517007507 0.0014792688975103418 0.00031932101179322673
58 11 1.0010845235322023 0.0011905023155258125 7.545695372636495e-05
59 11 1.001282748946427 0.0005282387304772537 8.406267355789254e-05
0 12 0.9987182030616 0.0005287335821172836 8.405217751693518e-05
1 12 0.9989161947657964 0.001191269485600968 7.550695646298014e-05
2 12 0.9991921302774414 0.001479700001099567 0.00031928326504782355
3 12 0.999463891945535 0.001573876067776531 0.0003975159848329157
4 12 0.9997503291201179 0.001596168971847085 0.0006291661434538998
5 12 0.9999092508295071 0.0015997064880795965 0.0007093151992734094
6 12 0.9999999999999996 0.001599999999999925 0.0007999999999999539
7 12 0.9999999999999996 0.001599999999999925 0.0007999999999999539
8 12 0.9999999999999996 0.001599999999999925 0.0007999999999999539
9 12 0.9999999999999996 0.001599999999999925 0.0007999999999999539
10 12 0.9999999999999996 0.001599999999999925 0.0007999999999999539
11 12 0.9999999999999996 0.001599999999999925 0.0007999999999999539
12 12 0.9999999999999996 0.001599999999999925 0.0007999999999999539
13 12 0.9999999999999996 0.001599999999999925 0.0007999999999999539
14 12 0.9999999999999996 0.001599999999999925 0.0007999999999999539
15 12 0.9999999999999996 0.001599999999999925 0.0007999999999999539
16 12 0.9999999999999996 0.001599999999999925 0.0007999999999999539
17 12 0.9999999999999996 0.001599999999999925 0.0007999999999999539
18 12 0.9999999999999996 0.001599999999999925 0.0007999999999999539
19 12 0.9999999999999996 0.001599999999999925 0.0007999999999999539
20 12 0.9999999999999996 0.001599999999999925 0.0007999999999999539
21 12 0.9999999999999996 0.001599999999999925 0.0007999999999999539
22 12 0.9999999999999996 0.001599999999999925 0.0007999999999999539
23 12 0.9999999999999996 0.001599999999999925 0.0007999999999999539
24 12 0.9999999999999996 0.001599999999999925 0.0007999999999999539
25 12 0.9999999999999996 0.001599999999999925 0.0007999999999999539
26 12 0.9999999999999996 0.001599999999999925 0.0007999999999999539
27 12 0.9999999999999996 0.001599999999999925 0.0007999999999999539
28 12 0.9999999999999996 0.001599999999999925 0.0007999999999999539
29 12 0.9999999999999996 0.001599999999999925 0.0007999999999999539
30 12 0.9999999999999996 0.001599999999999925 0.0007999999999999539
31 12 0.9999999999999996 0.001599999999999925 0.0007999999999999539
32 12 0.9999999999999996 0.001599999999999925 0.0007999999999999539
33 12 0.9999999999999996 0.001599999999999925 0.0007999999999999539
34 12 0.9999999999999996 0.001599999999999925 0.0007999999999999539
35 12 0.9999999999999996 0.001599999999999925 0.0007999999999999539
36 12 0.9999999999999996 0.001599999999999925 0.0007999999999999539
37 12 0.9999999999999996 0.001599999999999925 0.0007999999999999539
38 12 0.9999999999999996 0.001599999999999925 0.0007999999999999539
39 12 0.9999999999999996 0.001599999999999925 0.0007999999999999539
40 12 0.9999999999999996 0.001599999999999925 0.0007999999999999539
41 12 0.9999999999999996 0.001599999999999925 0.0007999999999999539
42 12 0.9999999999999996 0.001599999999999925 0.0007999999999999539
43 12 0.9999999999999996 0.001599999999999925 0.0007999999999999539
44 12 0.9999999999999996 0.001599999999999925 0.0007999999999999539
45 12 0.9999999999999996 0.001599999999999925 0.0007999999999999539
46 12 0.9999999999999996 0.001599999999999925 0.0007999999999999539
47 12 0.9999999999999996 0.001599999999999925 0.0007999999999999539
48 12 0.9999999999999996 0.001599999999999925 0.0007999999999999539
49 12 0.9999999999999996 0.001599999999999925 0.0007999999999999539
50 12 0.9999999999999996 0.001599999999999925 0.0007999999999999539
51 12 0.9999999999999996 0.001599999999999925 0.0007999999999999539
52 12 0.9999999999999996 0.001599999999999925 0.0007999999999999539
53 12 0.9999999999999996 0.001599999999999925 0.0007999999999999539
54 12 1.0000901611937418 0.0015996799271455727 0.0007097748121136645
55 12 1.0002489424668315 0.0015960794666263006 0.000629533377496503
56 12 1.000535572160045 0.0015736380472130222 0.00039784896797477403
57 12 1.0008080517007507 0.0014792688975103418 0.00031932101179322673
58 12 1.0010845235322023 0.0011905023155258125 7.545695372636495e-05
59 12 1.001282748946427 0.0005282387304772537 8.406267355789254e-05
0 13 0.9987182030616 0.0005287335821172836 8.405217751693518e-05
1 13 0.9989161947657964 0.001191269485600968 7.550695646298014e-05
2 13 0.9991921302774414 0.001479700001099567 0.00031928326504782355
3 13 0.999463891945535 0.001573876067776531 0.0003975159848329157
4 13 0.9997503291201179 0.001596168971847085 0.0006291661434538998
5 13 0.9999092508295071 0.0015997064880795965 0.0007093151992734094
6 13 0.9999999999999996 0.001599999999999925 0.0007999999999999539
7 13 0.9999999999999996 0.001599999999999925 0.0007999999999999539
8 13 0.9999999999999996 0.001599999999999925 0.0007999999999999539
9 13 0.9999999999999996 0.001599999999999925 0.0007999999999999539
10 13 0.9999999999999996 0.001599999999999925 0.0007999999999999539
11 13 0.9999999999999996 0.001599999999999925 0.0007999999999999539
12 13 0.9999999999999996 0.001599999999999925 0.0007999999999999539
13 13 0.9999999999999996 0.001599999999999925 0.0007999999999999539
14 13 0.9999999999999996 0.001599999999999925 0.0007999999999999539
15 13 0.9999999999999996 0.001599999999999925 0.0007999999999999539
16 13 0.9999999999999996 0.001599999999999925 0.0007999999999999539
17 13 0.9999999999999996 0.001599999999999925 0.0007999999999999539
18 13 0.9999999999999996 0.001599999999999925 0.0007999999999999539
19 13 0.9999999999999996 0.001599999999999925 0.0007999999999999539
20 13 0.9999999999999996 0.001599999999999925 0.0007999999999999539
21 13 0.9999999999999996 0.001599999999999925 0.0007999999999999539
22 13 0.9999999999999996 0.001599999999999925 0.0007999999999999539
23 13 0.9999999999999996 0.001599999999999925 0.0007999999999999539
24 13 0.9999999999999996 0.001599999999999925 0.0007999999999999539
25 13 0.9999999999999996 0.001599999999999925 0.0007999999999999539
26 13 0.9999999999999996 0.001599999999999925 0.0007999999999999539
27 13 0.9999999999999996 0.001599999999999925 0.0007999999999999539
28 13 0.9999999999999996 0.001599999999999925 0.0007999999999999539
29 13 0.9999999999999996 0.001599999999999925 0.0007999999999999539
30 13 0.9999999999999996 0.001599999999999925 0.0007999999999999539
31 13 0.9999999999999996 0.001599999999999925 0.0007999999999999539
32 13 0.9999999999999996 0.001599999999999925 0.0007999999999999539
33 13 0.9999999999999996 0.001599999999999925 0.0007999999999999539
34 13 0.9999999999999996 0.001599999999999925 0.0007999999999999539
35 13 0.9999999999999996 0.001599999999999925 0.0007999999999999539
36 13 0.9999999999999996 0.001599999999999925 0.0007999999999999539
37 13 0.9999999999999996 0.001599999999999925 0.0007999999999999539
38 13 0.9999999999999996 0.001599999999999925 0.0007999999999999539
39 13 0.9999999999999996 0.001599999999999925 0.0007999999999999539
40 13 0.9999999999999996 0.001599999999999925 0.0007999999999999539
41 13 0.9999999999999996 0.001599999999999925 0.0007999999999999539
42 13 0.9999999999999996 0.001599999999999925 0.0007999999999999539
43 13 0.9999999999999996 0.001599999999999925 0.0007999999999999539
44 13 0.9999999999999996 0.001599999999999925 0.0007999999999999539
45 13 0.9999999999999996 0.001599999999999925 0.0007999999999999539
46 13 0.9999999999999996 0.001599999999999925 0.0007999999999999539
47 13 0.9999999999999996 0.001599999999999925 0.0007999999999999539
48 13 0.9999999999999996 0.001599999999999925 0.0007999999999999539
49 13 0.9999999999999996 0.001599999999999925 0.0007999999999999539
50 13 0.9999999999999996 0.001599999999999925 0.0007999999999999539
51 13 0.9999999999999996 0.001599999999999925 0.0007999999999999539
52 13 0.9999999999999996 0.001599999999999925 0.0007999999999999539
53 13 0.9999999999999996 0.001599999999999925 0.0007999999999999539
54 13 1.0000901611937418 0.0015996799271455727 0.0007097748121136645
55 13 1.0002489424668315 0.0015960794666263006 0.000629533377496503
56 13 1.000535572160045 0.0015736380472130222 0.00039784896797477403
57 13 1.0008080517007507 0.0014792688975103418 0.00031932101179322673
58 13 1.0010845235322023 0.0011905023155258125 7.545695372636495e-05
59 13 1.001282748946427 0.0005282387304772537 8.406267355789254e-05
0 14 0.9987182030616 0.0005287335821172836 8.405217751693518e-05
1 14 0.9989161947657964 0.001191269485600968 7.550695646298014e-05
2 14 0.9991921302774414 0.001479700001099567 0.00031928326504782355
3 14 0.999463891945535 0.001573876067776531 0.0003975159848329157
4 14 0.9997503291201179 0.001596168971847085 0.0006291661434538998
5 14 0.9999092508295071 0.0015997064880795965 0.0007093151992734094
6 14 0.9999999999999996 0.001599999999999925 0.0007999999999999539
7 14 0.9999999999999996 0.001599999999999925 0.0007999999999999539
8 14 0.9999999999999996 0.001599999999999925 0.0007999999999999539
9 14 0.9999999999999996 0.001599999999999925 0.0007999999999999539
10 14 0.9999999999999996 0.001599999999999925 0.0007999999999999539
11 14 0.9999999999999996 0.001599999999999925 0.0007999999999999539
12 14 0.9999999999999996 0.001599999999999925 0.0007999999999999539
13 14 0.9999999999999996 0.001599999999999925 0.0007999999999999539
14 14 0.9999999999999996 0.001599999999999925 0.0007999999999999539
15 14 0.9999999999999996 0.001599999999999925 0.0007999999999999539
16 14 0.9999999999999996 0.001599999999999925 0.0007999999999999539
17 14 0.9999999999999996 0.001599999999999925 0.0007999999999999539
18 14 0.9999999999999996 0.001599999999999925 0.0007999999999999539
19 14 0.9999999999999996 0.001599999999999925 0.0007999999999999539
20 14 0.9999999999999996 0.001599999999999925 0.0007999999999999539
21 14 0.9999999999999996 0.001599999999999925 0.0007999999999999539
22 14 0.9999999999999996 0.001599999999999925 0.0007999999999999539
23 14 0.9999999999999996 0.001599999999999925 0.0007999999999999539
24 14 0.9999999999999996 0.001599999999999925 0.0007999999999999539
25 14 0.9999999999999996 0.001599999999999925 0.0007999999999999539
26 14 0.9999999999999996 0.001599999999999925 0.0007999999999999539
27 14 0.9999999999999996 0.001599999999999925 0.0007999999999999539
28 14 0.9999999999999996 0.001599999999999925 0.0007999999999999539
29 14 0.9999999999999996 0.001599999999999925 0.0007999999999999539
30 14 0.9999999999999996 0.001599999999999925 0.0007999999999999539
31 14 0.9999999999999996 0.001599999999999925 0.0007999999999999539
32 14 0.9999999999999996 0.001599999999999925 0.0007999999999999539
33 14 0.9999999999999996 0.001599999999999925 0.0007999999999999539
34 14 0.9999999999999996 0.001599999999999925 0.0007999999999999539
35 14 0.9999999999999996 0.001599999999999925 0.0007999999999999539
36 14 0.9999999999999996 0.001599999999999925 0.0007999999999999539
37 14 0.9999999999999996 0.001599999999999925 0.0007999999999999539
38 14 0.9999999999999996 0.001599999999999925 0.0007999999999999539
39 14 0.9999999999999996 0.001599999999999925 0.0007999999999999539
40 14 0.9999999999999996 0.001599999999999925 0.0007999999999999539
41 14 0.9999999999999996 0.001599999999999925 0.0007999999999999539
42 14 0.9999999999999996 0.001599999999999925 0.0007999999999999539
43 14 0.9999999999999996 0.001599999999999925 0.0007999999999999539
44 14 0.9999999999999996 0.001599999999999925 0.0007999999999999539
45 14 0.9999999999999996 0.001599999999999925 0.0007999999999999539
46 14 0.9999999999999996 0.001599999999999925 0.0007999999999999539
47 14 0.9999999999999996 0.001599999999999925 0.0007999999999999539
48 14 0.9999999999999996 0.001599999999999925 0.0007999999999999539
49 14 0.9999999999999996 0.001599999999999925 0.0007999999999999539
50 14 0.9999999999999996 0.001599999999999925 0.0007999999999999539
51 14 0.9999999999999996 0.001599999999999925 0.0007999999999999539
52 14 0.9999999999999996 0.001599999999999925 0.0007999999999999539
53 14 0.9999999999999996 0.001599999999999925 0.0007999999999999539
54 14 1.0000901611937418 0.0015996799271455727 0.0007097748121136645
55 14 1.0002489424668315 0.0015960794666263006 0.000629533377496503
56 14 1.000535572160045 0.0015736380472130222 0.00039784896797477403
57 14 1.0008080517007507 0.0014792688975103418 0.00031932101179322673
58 14 1.0010845235322023 0.0011905023155258125 7.545695372636495e-05
59 14 1.001282748946427 0.0005282387304772537 8.406267355789254e-05
0 15 0.9987182030616 0.0005287335821172836 8.405217751693518e-05
1 15 0.9989161947657964 0.001191269485600968 7.550695646298014e-05
2 15 0.9991921302774414 0.001479700001099567 0.00031928326504782355
3 15 0.999463891945535 0.001573876067776531 0.0003975159848329157
4 15 0.9997503291201179 0.001596168971847085 0.0006291661434538998
5 15 0.9999092508295071 0.0015997064880795965 0.0007093151992734094
6 15 0.9999999999999996 0.001599999999999925 0.0007999999999999539
7 15 0.9999999999999996 0.001599999999999925 0.0007999999999999539
8 15 0.9999999999999996 0.001599999999999925 0.0007999999999999539
9 15 0.9999999999999996 0.001599999999999925 0.0007999999999999539
10 15 0.9999999999999996 0.001599999999999925 0.0007999999999999539
11 15 0.9999999999999996 0.001599999999999925 0.0007999999999999539
12 15 0.9999999999999996 0.001599999999999925 0.0007999999999999539
13 15 0.9999999999999996 0.001599999999999925 0.0007999999999999539
14 15 0.9999999999999996 0.001599999999999925 0.0007999999999999539
15 15 0.9999999999999996 0.001599999999999925 0.0007999999999999539
16 15 0.9999999999999996 0.001599999999999925 0.0007999999999999539
17 15 0.9999999999999996 0.001599999999999925 0.0007999999999999539
18 15 0.9999999999999996 0.001599999999999925 0.0007999999999999539
19 15 0.9999999999999996 0.001599999999999925 0.0007999999999999539
20 15 0.9999999999999996 0.001599999999999925 0.0007999999999999539
21 15 0.9999999999999996 0.001599999999999925 0.0007999999999999539
22 15 0.9999999999999996 0.001599999999999925 0.0007999999999999539
23 15 0.9999999999999996 0.001599999999999925 0.0007999999999999539
24 15 0.9999999999999996 0.001599999999999925 0.0007999999999999539
25 15 0.9999999999999996 0.001599999999999925 0.0007999999999999539
26 15 0.9999999999999996 0.001599999999999925 0.0007999999999999539
27 15 0.9999999999999996 0.001599999999999925 0.0007999999999999539
28 15 0.9999999999999996 0.001599999999999925 0.0007999999999999539
29 15 0.9999999999999996 0.001599999999999925 0.0007999999999999539
30 15 0.9999999999999996 0.001599999999999925 0.0007999999999999539
31 15 0.9999999999999996 0.001599999999999925 0.0007999999999999539
32 15 0.9999999999999996 0.001599999999999925 0.0007999999999999539
33 15 0.9999999999999996 0.001599999999999925 0.0007999999999999539
34 15 0.9999999999999996 0.001599999999999925 0.0007999999999999539
35 15 0.9999999999999996 0.001599999999999925 0.0007999999999999539
36 15 0.9999999999999996 0.001599999999999925 0.0007999999999999539
37 15 0.9999999999999996 0.001599999999999925 0.0007999999999999539
38 15 0.9999999999999996 0.001599999999999925 0.0007999999999999539
39 15 0.9999999999999996 0.001599999999999925 0.0007999999999999539
40 15 0.9999999999999996 0.001599999999999925 0.0007999999999999539
41 15 0.9999999999999996 0.001599999999999925 0.0007999999999999539
42 15 0.9999999999999996 0.001599999999999925 0.0007999999999999539
43 15 0.9999999999999996 0.001599999999999925 0.0007999999999999539
44 15 0.9999999999999996 0.001599999999999925 0.0007999999999999539
45 15 0.9999999999999996 0.001599999999999925 0.0007999999999999539
46 15 0.9999999999999996 0.001599999999999925 0.0007999999999999539
47 15 0.9999999999999996 0.001599999999999925 0.0007999999999999539
48 15 0.9999999999999996 0.001599999999999925 0.0007999999999999539
49 15 0.9999999999999996 0.001599999999999925 0.0007999999999999539
50 15 0.9999999999999996 0.001599999999999925 0.0007999999999999539
51 15 0.9999999999999996 0.001599999999999925 0.0007999999999999539
52 15 0.9999999999999996 0.001599999999999925 0.0007999999999999539
53 15 0.9999999999999996 0.001599999999999925 0.0007999999999999539
54 15 1.0000901611937418 0.0015996799271455727 0.0007097748121136645
55 15 1.0002489424668315 0.0015960794666263006 0.000629533377496503
56 15 1.000535572160045 0.0015736380472130222 0.00039784896797477403
57 15 1.0008080517007507 0.0014792688975103418 0.00031932101179322673
58 15 1.0010845235322023 0.0011905023155258125 7.545695372636495e-05
59 15 1.001282748946427 0.0005282387304772537 8.406267355789254e-05
0 16 0.9987182030616 0.0005287335821172836 8.405217751693518e-05
1 16 0.9989161947657964 0.001191269485600968 7.550695646298014e-05
2 16 0.9991921302774414 0.001479700001099567 0.00031928326504782355
3 16 0.999463891945535 0.001573876067776531 0.0003975159848329157
4 16 0.9997503291201179 0.001596168971847085 0.0006291661434538998
5 16 0.9999092508295071 0.0015997064880795965 0.0007093151992734094
6 16 0.9999999999999996 0.001599999999999925 0.0007999999999999539
7 16 0.9999999999999996 0.001599999999999925 0.0007999999999999539
8 16 0.9999999999999996 0.001599999999999925 0.0007999999999999539
9 16 0.9999999999999996 0.001599999999999925 0.0007999999999999539
10 16 0.9999999999999996 0.001599999999999925 0.0007999999999999539
11 16 0.9999999999999996 0.001599999999999925 0.0007999999999999539
12 16 0.9999999999999996 0.001599999999999925 0.0007999999999999539
13 16 0.9999999999999996 0.001599999999999925 0.0007999999999999539
14 16 0.9999999999999996 0.001599999999999925 0.0007999999999999539
15 16 0.9999999999999996 0.001599999999999925 0.0007999999999999539
16 16 0.9999999999999996 0.001599999999999925 0.0007999999999999539
17 16 0.9999999999999996 0.001599999999999925 0.0007999999999999539
18 16 0.9999999999999996 0.001599999999999925 0.0007999999999999539
19 16 0.9999999999999996 0.001599999999999925 0.0007999999999999539
20 16 0.9999999999999996 0.001599999999999925 0.0007999999999999539
21 16 0.9999999999999996 0.001599999999999925 0.0007999999999999539
22 16 0.9999999999999996 0.001599999999999925 0.0007999999999999539
23 16 0.9999999999999996 0.001599999999999925 0.0007999999999999539
24 16 0.9999999999999996 0.001599999999999925 0.0007999999999999539
25 16 0.9999999999999996 0.001599999999999925 0.0007999999999999539
26 16 0.9999999999999996 0.001599999999999925 0.0007999999999999539
27 16 0.9999999999999996 0.001599999999999925 0.0007999999999999539
28 16 0.9999999999999996 0.001599999999999925 0.0007999999999999539
29 16 0.9999999999999996 0.001599999999999925 0.0007999999999999539
30 16 0.9999999999999996 0.001599999999999925 0.0007999999999999539
31 16 0.9999999999999996 0.001599999999999925 0.0007999999999999539
32 16 0.9999999999999996 0.001599999999999925 0.0007999999999999539
33 16 0.9999999999999996 0.001599999999999925 0.0007999999999999539
34 16 0.9999999999999996 0.001599999999999925 0.0007999999999999539
35 16 0.9999999999999996 0.001599999999999925 0.0007999999999999539
36 16 0.9999999999999996 0.001599999999999925 0.0007999999999999539
37 16 0.9999999999999996 0.001599999999999925 0.0007999999999999539
38 16 0.9999999999999996 0.001599999999999925 0.0007999999999999539
39 16 0.9999999999999996 0.001599999999999925 0.0007999999999999539
40 16 0.9999999999999996 0.001599999999999925 0.0007999999999999539
41 16 0.9999999999999996 0.001599999999999925 0.0007999999999999539
42 16 0.9999999999999996 0.001599999999999925 0.0007999999999999539
43 16 0.9999999999999996 0.001599999999999925 0.0007999999999999539
44 16 0.9999999999999996 0.001599999999999925 0.0007999999999999539
45 16 0.9999999999999996 0.001599999999999925 0.0007999999999999539
46 16 0.9999999999999996 0.001599999999999925 0.0007999999999999539
47 16 0.9999999999999996 0.001599999999999925 0.0007999999999999539
48 16 0.9999999999999996 0.001599999999999925 0.0007999999999999539
49 16 0.9999999999999996 0.001599999999999925 0.0007999999999999539
50 16 0.9999999999999996 0.001599999999999925 0.0007999999999999539
51 16 0.9999999999999996 0.001599999999999925 0.0007999999999999539
52 16 0.9999999999999996 0.001599999999999925 0.0007999999999999539
53 16 0.9999999999999996 0.001599999999999925 0.0007999999999999539
54 16 1.0000901611937418 0.0015996799271455727 0.0007097748121136645
55 16 1.0002489424668315 0.0015960794666263006 0.000629533377496503
56 16 1.000535572160045 0.0015736380472130222 0.00039784896797477403
57 16 1.0008080517007507 0.0014792688975103418 0.00031932101179322673
58 16 1.0010845235322023 0.0011905023155258125 7.545695372636495e-05
59 16 1.001282748946427 0.0005282387304772537 8.406267355789254e-05
0 17 0.9987182030616 0.0005287335821172836 8.405217751693518e-05
1 17 0.9989161947657964 0.001191269485600968 7.550695646298014e-05
2 17 0.9991921302774414 0.001479700001099567 0.00031928326504782355
3 17 0.999463891945535 0.001573876067776531 0.0003975159848329157
4 17 0.9997503291201179 0.001596168971847085 0.0006291661434538998
5 17 0.9999092508295071 0.0015997064880795965 0.0007093151992734094
6 17 0.9999999999999996 0.001599999999999925 0.0007999999999999539
7 17 0.9999999999999996 0.001599999999999925 0.0007999999999999539
8 17 0.9999999999999996 0.001599999999999925 0.0007999999999999539
9 17 0.9999999999999996 0.001599999999999925 0.0007999999999999539
10 17 0.9999999999999996 0.001599999999999925 0.0007999999999999539
11 17 0.9999999999999996 0.001599999999999925 0.0007999999999999539
12 17 0.9999999999999996 0.001599999999999925 0.0007999999999999539
13 17 0.9999999999999996 0.001599999999999925 0.0007999999999999539
14 17 0.9999999999999996 0.001599999999999925 0.0007999999999999539
15 17 0.9999999999999996 0.001599999999999925 0.0007999999999999539
16 17 0.9999999999999996 0.001599999999999925 0.0007999999999999539
17 17 0.9999999999999996 0.001599999999999925 0.0007999999999999539
18 17 0.9999999999999996 0.001599999999999925 0.0007999999999999539
19 17 0.9999999999999996 0.001599999999999925 0.0007999999999999539
20 17 0.9999999999999996 0.001599999999999925 0.0007999999999999539
21 17 0.9999999999999996 0.001599999999999925 0.0007999999999999539
22 17 0.9999999999999996 0.001599999999999925 0.0007999999999999539
23 17 0.9999999999999996 0.001599999999999925 0.0007999999999999539
24 17 0.9999999999999996 0.001599999999999925 0.0007999999999999539
25 17 0.9999999999999996 0.001599999999999925 0.0007999999999999539
26 17 0.9999999999999996 0.001599999999999925 0.0007999999999999539
27 17 0.9999999999999996 0.001599999999999925 0.0007999999999999539
28 17 0.9999999999999996 0.001599999999999925 0.0007999999999999539
29 17 0.9999999999999996 0.001599999999999925 0.0007999999999999539
30 17 0.9999999999999996 0.001599999999999925 0.0007999999999999539
31 17 0.9999999999999996 0.001599999999999925 0.0007999999999999539
32 17 0.9999999999999996 0.001599999999999925 0.0007999999999999539
33 17 0.9999999999999996 0.001599999999999925 0.0007999999999999539
34 17 0.9999999999999996 0.001599999999999925 0.0007999999999999539
35 17 0.9999999999999996 0.001599999999999925 0.0007999999999999539
36 17 0.9999999999999996 0.001599999999999925 0.0007999999999999539
37 17 0.9999999999999996 0.001599999999999925 0.0007999999999999539
38 17 0.9999999999999996 0.001599999999999925 0.0007999999999999539
39 17 0.9999999999999996 0.001599999999999925 0.0007999999999999539
40 17 0.9999999999999996 0.001599999999999925 0.0007999999999999539
41 17 0.9999999999999996 0.001599999999999925 0.0007999999999999539
42 17 0.9999999999999996 0.001599999999999925 0.0007999999999999539
43 17 0.9999999999999996 0.001599999999999925 0.0007999999999999539
44 17 0.9999999999999996 0.001599999999999925 0.0007999999999999539
45 17 0.9999999999999996 0.001599999999999925 0.0007999999999999539
46 17 0.9999999999999996 0.001599999999999925 0.0007999999999999539
47 17 0.9999999999999996 0.001599999999999925 0.0007999999999999539
48 17 0.9999999999999996 0.001599999999999925 0.0007999999999999539
49 17 0.9999999999999996 0.001599999999999925 0.0007999999999999539
50 17 0.9999999999999996 0.001599999999999925 0.0007999999999999539
51 17 0.9999999999999996 0.001599999999999925 0.0007999999999999539
52 17 0.9999999999999996 0.001599999999999925 0.0007999999999999539
53 17 0.9999999999999996 0.001599999999999925 0.0007999999999999539
54 17 1.0000901611937418 0.0015996799271455727 0.0007097748121136645
55 17 1.0002489424668315 0.0015960794666263006 0.000629533377496503
56 17 1.000535572160045 0.0015736380472130222 0.00039784896797477403
57 17 1.0008080517007507 0.0014792688975103418 0.00031932101179322673
58 17 1.0010845235322023 0.0011905023155258125 7.545695372636495e-05
59 17 1.001282748946427 0.0005282387304772537 8.406267355789254e-05
0 18 0.9987182030616 0.0005287335821172836 8.405217751693518e-05
1 18 0.9989161947657964 0.001191269485600968 7.550695646298014e-05
2 18 0.9991921302774414 0.001479700001099567 0.00031928326504782355
3 18 0.999463891945535 0.001573876067776531 0.0003975159848329157
4 18 0.9997503291201179 0.001596168971847085 0.0006291661434538998
5 18 0.9999092508295071 0.0015997064880795965 0.0007093151992734094
6 18 0.9999999999999996 0.001599999999999925 0.0007999999999999539
7 18 0.9999999999999996 0.001599999999999925 0.0007999999999999539
8 18 0.9999999999999996 0.001599999999999925 0.0007999999999999539
9 18 0.9999999999999996 0.001599999999999925 0.0007999999999999539
10 18 0.9999999999999996 0.001599999999999925 0.0007999999999999539
11 18 0.9999999999999996 0.001599999999999925 0.0007999999999999539
12 18 0.9999999999999996 0.001599999999999925 0.0007999999999999539
13 18 0.9999999999999996 0.001599999999999925 0.0007999999999999539
14 18 0.9999999999999996 0.001599999999999925 0.0007999999999999539
15 18 0.9999999999999996 0.001599999999999925 0.0007999999999999539
16 18 0.9999999999999996 0.001599999999999925 0.0007999999999999539
17 18 0.9999999999999996 0.001599999999999925 0.0007999999999999539
18 18 0.9999999999999996 0.001599999999999925 0.0007999999999999539
19 18 0.9999999999999996 0.001599999999999925 0.0007999999999999539
20 18 0.9999999999999996 0.001599999999999925 0.0007999999999999539
21 18 0.9999999999999996 0.001599999999999925 0.0007999999999999539
22 18 0.9999999999999996 0.001599999999999925 0.0007999999999999539
23 18 0.9999999999999996 0.001599999999999925 0.0007999999999999539
24 18 0.9999999999999996 0.001599999999999925 0.0007999999999999539
25 18 0.9999999999999996 0.001599999999999925 0.0007999999999999539
26 18 0.9999999999999996 0.001599999999999925 0.0007999999999999539
27 18 0.9999999999999996 0.001599999999999925 0.0007999999999999539
28 18 0.9999999999999996 0.001599999999999925 0.0007999999999999539
29 18 0.9999999999999996 0.001599999999999925 0.0007999999999999539
30 18 0.9999999999999996 0.001599999999999925 0.0007999999999999539
31 18 0.9999999999999996 0.001599999999999925 0.0007999999999999539
32 18 0.9999999999999996 0.001599999999999925 0.0007999999999999539
33 18 0.9999999999999996 0.001599999999999925 0.0007999999999999539
34 18 0.9999999999999996 0.001599999999999925 0.0007999999999999539
35 18 0.9999999999999996 0.001599999999999925 0.0007999999999999539
36 18 0.9999999999999996 0.001599999999999925 0.0007999999999999539
37 18 0.9999999999999996 0.001599999999999925 0.0007999999999999539
38 18 0.9999999999999996 0.001599999999999925 0.0007999999999999539
39 18 0.9999999999999996 0.001599999999999925 0.0007999999999999539
40 18 0.9999999999999996 0.001599999999999925 0.0007999999999999539
41 18 0.9999999999999996 0.001599999999999925 0.0007999999999999539
42 18 0.9999999999999996 0.001599999999999925 0.0007999999999999539
43 18 0.9999999999999996 0.001599999999999925 0.0007999999999999539
44 18 0.9999999999999996 0.001599999999999925 0.0007999999999999539
45 18 0.9999999999999996 0.001599999999999925 0.0007999999999999539
46 18 0.9999999999999996 0.001599999999999925 0.0007999999999999539
47 18 0.9999999999999996 0.001599999999999925 0.0007999999999999539
48 18 0.9999999999999996 0.001599999999999925 0.0007999999999999539
49 18 0.9999999999999996 0.001599999999999925 0.0007999999999999539
50 18 0.9999999999999996 0.001599999999999925 0.0007999999999999539
51 18 0.9999999999999996 0.001599999999999925 0.0007999999999999539
52 18 0.9999999999999996 0.001599999999999925 0.0007999999999999539
53 18 0.9999999999999996 0.001599999999999925 0.0007999999999999539
54 18 1.0000901611937418 0.0015996799271455727 0.0007097748121136645
55 18 1.0002489424668315 0.0015960794666263006 0.000629533377496503
56 18 1.000535572160045 0.0015736380472130222 0.00039784896797477403
57 18 1.0008080517007507 0.0014792688975103418 0.00031932101179322673
58 18 1.0010845235322023 0.0011905023155258125 7.545695372636495e-05
59 18 1.001282748946427 0.0005282387304772537 8.406267355789254e-05
0 19 0.9987182030616 0.0005287335821172836 8.405217751693518e-05
1 19 0.9989161947657964 0.001191269485600968 7.550695646298014e-05
2 19 0.9991921302774414 0.001479700001099567 0.00031928326504782355
3 19 0.999463891945535 0.001573876067776531 0.0003975159848329157
4 19 0.9997503291201179 0.001596168971847085 0.0006291661434538998
5 19 0.9999092508295071 0.0015997064880795965 0.0007093151992734094
6 19 0.9999999999999996 0.001599999999999925 0.0007999999999999539
7 19 0.9999999999999996 0.001599999999999925 0.0007999999999999539
8 19 0.9999999999999996 0.001599999999999925 0.0007999999999999539
9 19 0.9999999999999996 0.001599999999999925 0.0007999999999999539
10 19 0.9999999999999996 0.001599999999999925 0.0007999999999999539
11 19 0.9999999999999996 0.001599999999999925 0.0007999999999999539
12 19 0.9999999999999996 0.001599999999999925 0.0007999999999999539
13 19 0.9999999999999996 0.001599999999999925 0.0007999999999999539
14 19 0.9999999999999996 0.001599999999999925 0.0007999999999999539
15 19 0.9999999999999996 0.001599999999999925 0.0007999999999999539
16 19 0.9999999999999996 0.001599999999999925 0.0007999999999999539
17 19 0.9999999999999996 0.001599999999999925 0.0007999999999999539
18 19 0.9999999999999996 0.001599999999999925 0.0007999999999999539
19 19 0.9999999999999996 0.001599999999999925 0.0007999999999999539
20 19 0.9999999999999996 0.001599999999999925 0.0007999999999999539
21 19 0.9999999999999996 0.001599999999999925 0.0007999999999999539
22 19 0.9999999999999996 0.001599999999999925 0.0007999999999999539
23 19 0.9999999999999996 0.001599999999999925 0.0007999999999999539
24 19 0.9999999999999996 0.001599999999999925 0.0007999999999999539
25 19 0.9999999999999996 0.001599999999999925 0.0007999999999999539
26 19 0.9999999999999996 0.001599999999999925 0.0007999999999999539
27 19 0.9999999999999996 0.001599999999999925 0.0007999999999999539
28 19 0.9999999999999996 0.001599999999999925 0.0007999999999999539
29 19 0.9999999999999996 0.001599999999999925 0.0007999999999999539
30 19 0.9999999999999996 0.001599999999999925 0.0007999999999999539
31 19 0.9999999999999996 0.001599999999999925 0.0007999999999999539
32 19 0.9999999999999996 0.001599999999999925 0.0007999999999999539
33 19 0.9999999999999996 0.001599999999999925 0.0007999999999999539
34 19 0.9999999999999996 0.001599999999999925 0.0007999999999999539
35 19 0.9999999999999996 0.001599999999999925 0.0007999999999999539
36 19 0.9999999999999996 0.001599999999999925 0.0007999999999999539
37 19 0.9999999999999996 0.001599999999999925 0.0007999999999999539
38 19 0.9999999999999996 0.001599999999999925 0.0007999999999999539
39 19 0.9999999999999996 0.001599999999999925 0.0007999999999999539
40 19 0.9999999999999996 0.001599999999999925 0.0007999999999999539
41 19 0.9999999999999996 0.001599999999999925 0.0007999999999999539
42 19 0.9999999999999996 0.001599999999999925 0.0007999999999999539
43 19 0.9999999999999996 0.001599999999999925 0.0007999999999999539
44 19 0.9999999999999996 0.001599999999999925 0.0007999999999999539
45 19 0.9999999999999996 0.001599999999999925 0.0007999999999999539
46 19 0.9999999999999996 0.001599999999999925 0.0007999999999999539
47 19 0.9999999999999996 0.001599999999999925 0.0007999999999999539
48 19 0.9999999999999996 0.001599999999999925 0.0007999999999999539
49 19 0.9999999999999996 0.001599999999999925 0.0007999999999999539
50 19 0.9999999999999996 0.001599999999999925 0.0007999999999999539
51 19 0.9999999999999996 0.001599999999999925 0.0007999999999999539
52 19 0.9999999999999996 0.001599999999999925 0.0007999999999999539
53 19 0.9999999999999996 0.001599999999999925 0.0007999999999999539
54 19 1.0000901611937418 0.0015996799271455727 0.0007097748121136645
55 19 1.0002489424668315 0.0015960794666263006 0.000629533377496503
56 19 1.000535572160045 0.0015736380472130222 0.00039784896797477403
57 19 1.0008080517007507 0.0014792688975103418 0.00031932101179322673
58 19 1.0010845235322023 0.0011905023155258125 7.545695372636495e-05
59 19 1.001282748946427 0.0005282387304772537 8.406267355789254e-05
