TITLE = "LBM Simulation"
VARIABLES = "X", "Y", "rho", "u", "v"
ZONE T="Zone 0", I=60, J=20, F=POINT
0 0 0.99945 0.0007337368886220641 3.471356197862439e-18
1 0 0.9999999999999999 0.00109999999999999 0.0005500000000000124
2 0 0.9999999999999999 0.00109999999999999 0.0005500000000000124
3 0 0.9999999999999999 0.00109999999999999 0.0005500000000000124
4 0 0.9999999999999999 0.00109999999999999 0.0005500000000000124
5 0 0.9999999999999999 0.00109999999999999 0.0005500000000000124
6 0 0.9999999999999999 0.00109999999999999 0.0005500000000000124
7 0 0.9999999999999999 0.00109999999999999 0.0005500000000000124
8 0 0.9999999999999999 0.00109999999999999 0.0005500000000000124
9 0 0.9999999999999999 0.00109999999999999 0.0005500000000000124
10 0 0.9999999999999999 0.00109999999999999 0.0005500000000000124
11 0 0.9999999999999999 0.00109999999999999 0.0005500000000000124
12 0 0.9999999999999999 0.00109999999999999 0.0005500000000000124
13 0 0.9999999999999999 0.00109999999999999 0.0005500000000000124
14 0 0.9999999999999999 0.00109999999999999 0.0005500000000000124
15 0 0.9999999999999999 0.00109999999999999 0.0005500000000000124
16 0 0.9999999999999999 0.00109999999999999 0.0005500000000000124
17 0 0.9999999999999999 0.00109999999999999 0.0005500000000000124
18 0 0.9999999999999999 0.00109999999999999 0.0005500000000000124
19 0 0.9999999999999999 0.00109999999999999 0.0005500000000000124
20 0 0.9999999999999999 0.00109999999999999 0.0005500000000000124
21 0 0.9999999999999999 0.00109999999999999 0.0005500000000000124
22 0 0.9999999999999999 0.00109999999999999 0.0005500000000000124
23 0 0.9999999999999999 0.00109999999999999 0.0005500000000000124
24 0 0.9999999999999999 0.00109999999999999 0.0005500000000000124
25 0 0.9999999999999999 0.00109999999999999 0.0005500000000000124
26 0 0.9999999999999999 0.00109999999999999 0.0005500000000000124
27 0 0.9999999999999999 0.00109999999999999 0.0005500000000000124
28 0 0.9999999999999999 0.00109999999999999 0.0005500000000000124
29 0 0.9999999999999999 0.00109999999999999 0.0005500000000000124
30 0 0.9999999999999999 0.00109999999999999 0.0005500000000000124
31 0 0.9999999999999999 0.00109999999999999 0.0005500000000000124
32 0 0.9999999999999999 0.00109999999999999 0.0005500000000000124
33 0 0.9999999999999999 0.00109999999999999 0.0005500000000000124
34 0 0.9999999999999999 0.00109999999999999 0.0005500000000000124
35 0 0.9999999999999999 0.00109999999999999 0.0005500000000000124
36 0 0.9999999999999999 0.00109999999999999 0.0005500000000000124
37 0 0.9999999999999999 0.00109999999999999 0.0005500000000000124
38 0 0.9999999999999999 0.00109999999999999 0.0005500000000000124
39 0 0.9999999999999999 0.00109999999999999 0.0005500000000000124
40 0 0.9999999999999999 0.00109999999999999 0.0005500000000000124
41 0 0.9999999999999999 0.00109999999999999 0.0005500000000000124
42 0 0.9999999999999999 0.00109999999999999 0.0005500000000000124
43 0 0.9999999999999999 0.00109999999999999 0.0005500000000000124
44 0 0.9999999999999999 0.00109999999999999 0.0005500000000000124
45 0 0.9999999999999999 0.00109999999999999 0.0005500000000000124
46 0 0.9999999999999999 0.00109999999999999 0.0005500000000000124
47 0 0.9999999999999999 0.00109999999999999 0.0005500000000000124
48 0 0.9999999999999999 0.00109999999999999 0.0005500000000000124
49 0 0.9999999999999999 0.00109999999999999 0.0005500000000000124
50 0 0.9999999999999999 0.00109999999999999 0.0005500000000000124
51 0 0.9999999999999999 0.00109999999999999 0.0005500000000000124
52 0 0.9999999999999999 0.00109999999999999 0.0005500000000000124
53 0 0.9999999999999999 0.00109999999999999 0.0005500000000000124
54 0 0.9999999999999999 0.00109999999999999 0.0005500000000000124
55 0 0.9999999999999999 0.00109999999999999 0.0005500000000000124
56 0 0.9999999999999999 0.00109999999999999 0.0005500000000000124
57 0 0.9999999999999999 0.00109999999999999 0.0005500000000000124
58 0 0.9999999999999999 0.00109999999999999 0.0005500000000000124
59 0 1.00055 0.0007329302217113806 3.4675398050608307e-18
0 1 0.99945 0.0007337368886220641 3.471356197862439e-18
1 1 0.9999999999999999 0.00109999999999999 0.0005500000000000124
2 1 0.9999999999999999 0.00109999999999999 0.0005500000000000124
3 1 0.9999999999999999 0.00109999999999999 0.0005500000000000124
4 1 0.9999999999999999 0.00109999999999999 0.0005500000000000124
5 1 0.9999999999999999 0.00109999999999999 0.0005500000000000124
6 1 0.9999999999999999 0.00109999999999999 0.0005500000000000124
7 1 0.9999999999999999 0.00109999999999999 0.0005500000000000124
8 1 0.9999999999999999 0.00109999999999999 0.0005500000000000124
9 1 0.9999999999999999 0.00109999999999999 0.0005500000000000124
10 1 0.9999999999999999 0.00109999999999999 0.0005500000000000124
11 1 0.9999999999999999 0.00109999999999999 0.0005500000000000124
12 1 0.9999999999999999 0.00109999999999999 0.0005500000000000124
13 1 0.9999999999999999 0.00109999999999999 0.0005500000000000124
14 1 0.9999999999999999 0.00109999999999999 0.0005500000000000124
15 1 0.9999999999999999 0.00109999999999999 0.0005500000000000124
16 1 0.9999999999999999 0.00109999999999999 0.0005500000000000124
17 1 0.9999999999999999 0.00109999999999999 0.0005500000000000124
18 1 0.9999999999999999 0.00109999999999999 0.0005500000000000124
19 1 0.9999999999999999 0.00109999999999999 0.0005500000000000124
20 1 0.9999999999999999 0.00109999999999999 0.0005500000000000124
21 1 0.9999999999999999 0.00109999999999999 0.0005500000000000124
22 1 0.9999999999999999 0.00109999999999999 0.0005500000000000124
23 1 0.9999999999999999 0.00109999999999999 0.0005500000000000124
24 1 0.9999999999999999 0.00109999999999999 0.0005500000000000124
25 1 0.9999999999999999 0.00109999999999999 0.0005500000000000124
26 1 0.9999999999999999 0.00109999999999999 0.0005500000000000124
27 1 0.9999999999999999 0.00109999999999999 0.0005500000000000124
28 1 0.9999999999999999 0.00109999999999999 0.0005500000000000124
29 1 0.9999999999999999 0.00109999999999999 0.0005500000000000124
30 1 0.9999999999999999 0.00109999999999999 0.0005500000000000124
31 1 0.9999999999999999 0.00109999999999999 0.0005500000000000124
32 1 0.9999999999999999 0.00109999999999999 0.0005500000000000124
33 1 0.9999999999999999 0.00109999999999999 0.0005500000000000124
34 1 0.9999999999999999 0.00109999999999999 0.0005500000000000124
35 1 0.9999999999999999 0.00109999999999999 0.0005500000000000124
36 1 0.9999999999999999 0.00109999999999999 0.0005500000000000124
37 1 0.9999999999999999 0.00109999999999999 0.0005500000000000124
38 1 0.9999999999999999 0.00109999999999999 0.0005500000000000124
39 1 0.9999999999999999 0.00109999999999999 0.0005500000000000124
40 1 0.9999999999999999 0.00109999999999999 0.0005500000000000124
41 1 0.9999999999999999 0.00109999999999999 0.0005500000000000124
42 1 0.9999999999999999 0.00109999999999999 0.0005500000000000124
43 1 0.9999999999999999 0.00109999999999999 0.0005500000000000124
44 1 0.9999999999999999 0.00109999999999999 0.0005500000000000124
45 1 0.9999999999999999 0.00109999999999999 0.0005500000000000124
46 1 0.9999999999999999 0.00109999999999999 0.0005500000000000124
47 1 0.9999999999999999 0.00109999999999999 0.0005500000000000124
48 1 0.9999999999999999 0.00109999999999999 0.0005500000000000124
49 1 0.9999999999999999 0.00109999999999999 0.0005500000000000124
50 1 0.9999999999999999 0.00109999999999999 0.0005500000000000124
51 1 0.9999999999999999 0.00109999999999999 0.0005500000000000124
52 1 0.9999999999999999 0.00109999999999999 0.0005500000000000124
53 1 0.9999999999999999 0.00109999999999999 0.0005500000000000124
54 1 0.9999999999999999 0.00109999999999999 0.0005500000000000124
55 1 0.9999999999999999 0.00109999999999999 0.0005500000000000124
56 1 0.9999999999999999 0.00109999999999999 0.0005500000000000124
57 1 0.9999999999999999 0.00109999999999999 0.0005500000000000124
58 1 0.9999999999999999 0.00109999999999999 0.0005500000000000124
59 1 1.00055 0.0007329302217113806 3.4675398050608307e-18
0 2 0.99945 0.0007337368886220641 3.471356197862439e-18
1 2 0.9999999999999999 0.00109999999999999 0.0005500000000000124
2 2 0.9999999999999999 0.00109999999999999 0.0005500000000000124
3 2 0.9999999999999999 0.00109999999999999 0.0005500000000000124
4 2 0.9999999999999999 0.00109999999999999 0.0005500000000000124
5 2 0.9999999999999999 0.00109999999999999 0.0005500000000000124
6 2 0.9999999999999999 0.00109999999999999 0.0005500000000000124
7 2 0.9999999999999999 0.00109999999999999 0.0005500000000000124
8 2 0.9999999999999999 0.00109999999999999 0.0005500000000000124
9 2 0.9999999999999999 0.00109999999999999 0.0005500000000000124
10 2 0.9999999999999999 0.00109999999999999 0.0005500000000000124
11 2 0.9999999999999999 0.00109999999999999 0.0005500000000000124
12 2 0.9999999999999999 0.00109999999999999 0.0005500000000000124
13 2 0.9999999999999999 0.00109999999999999 0.0005500000000000124
14 2 0.9999999999999999 0.00109999999999999 0.0005500000000000124
15 2 0.9999999999999999 0.00109999999999999 0.0005500000000000124
16 2 0.9999999999999999 0.00109999999999999 0.0005500000000000124
17 2 0.9999999999999999 0.00109999999999999 0.0005500000000000124
18 2 0.9999999999999999 0.00109999999999999 0.0005500000000000124
19 2 0.9999999999999999 0.00109999999999999 0.0005500000000000124
20 2 0.9999999999999999 0.00109999999999999 0.0005500000000000124
21 2 0.9999999999999999 0.00109999999999999 0.0005500000000000124
22 2 0.9999999999999999 0.00109999999999999 0.0005500000000000124
23 2 0.9999999999999999 0.00109999999999999 0.0005500000000000124
24 2 0.9999999999999999 0.00109999999999999 0.0005500000000000124
25 2 0.9999999999999999 0.00109999999999999 0.0005500000000000124
26 2 0.9999999999999999 0.00109999999999999 0.0005500000000000124
27 2 0.9999999999999999 0.00109999999999999 0.0005500000000000124
28 2 0.9999999999999999 0.00109999999999999 0.0005500000000000124
29 2 0.9999999999999999 0.00109999999999999 0.0005500000000000124
30 2 0.9999999999999999 0.00109999999999999 0.0005500000000000124
31 2 0.9999999999999999 0.00109999999999999 0.0005500000000000124
32 2 0.9999999999999999 0.00109999999999999 0.0005500000000000124
33 2 0.9999999999999999 0.00109999999999999 0.0005500000000000124
34 2 0.9999999999999999 0.00109999999999999 0.0005500000000000124
35 2 0.9999999999999999 0.00109999999999999 0.0005500000000000124
36 2 0.9999999999999999 0.00109999999999999 0.0005500000000000124
37 2 0.9999999999999999 0.00109999999999999 0.0005500000000000124
38 2 0.9999999999999999 0.00109999999999999 0.0005500000000000124
39 2 0.9999999999999999 0.00109999999999999 0.0005500000000000124
40 2 0.9999999999999999 0.00109999999999999 0.0005500000000000124
41 2 0.9999999999999999 0.00109999999999999 0.0005500000000000124
42 2 0.9999999999999999 0.00109999999999999 0.0005500000000000124
43 2 0.9999999999999999 0.00109999999999999 0.0005500000000000124
44 2 0.9999999999999999 0.00109999999999999 0.0005500000000000124
45 2 0.9999999999999999 0.00109999999999999 0.0005500000000000124
46 2 0.9999999999999999 0.00109999999999999 0.0005500000000000124
47 2 0.9999999999999999 0.00109999999999999 0.0005500000000000124
48 2 0.9999999999999999 0.00109999999999999 0.0005500000000000124
49 2 0.9999999999999999 0.00109999999999999 0.0005500000000000124
50 2 0.9999999999999999 0.00109999999999999 0.0005500000000000124
51 2 0.9999999999999999 0.00109999999999999 0.0005500000000000124
52 2 0.9999999999999999 0.00109999999999999 0.0005500000000000124
53 2 0.9999999999999999 0.00109999999999999 0.0005500000000000124
54 2 0.9999999999999999 0.00109999999999999 0.0005500000000000124
55 2 0.9999999999999999 0.00109999999999999 0.0005500000000000124
56 2 0.9999999999999999 0.00109999999999999 0.0005500000000000124
57 2 0.9999999999999999 0.00109999999999999 0.0005500000000000124
58 2 0.9999999999999999 0.00109999999999999 0.0005500000000000124
59 2 1.00055 0.0007329302217113806 3.4675398050608307e-18
0 3 0.99945 0.0007337368886220641 3.471356197862439e-18
1 3 0.9999999999999999 0.00109999999999999 0.0005500000000000124
2 3 0.9999999999999999 0.00109999999999999 0.0005500000000000124
3 3 0.9999999999999999 0.00109999999999999 0.0005500000000000124
4 3 0.9999999999999999 0.00109999999999999 0.0005500000000000124
5 3 0.9999999999999999 0.00109999999999999 0.0005500000000000124
6 3 0.9999999999999999 0.00109999999999999 0.0005500000000000124
7 3 0.9999999999999999 0.00109999999999999 0.0005500000000000124
8 3 0.9999999999999999 0.00109999999999999 0.0005500000000000124
9 3 0.9999999999999999 0.00109999999999999 0.0005500000000000124
10 3 0.9999999999999999 0.00109999999999999 0.0005500000000000124
11 3 0.9999999999999999 0.00109999999999999 0.0005500000000000124
12 3 0.9999999999999999 0.00109999999999999 0.0005500000000000124
13 3 0.9999999999999999 0.00109999999999999 0.0005500000000000124
14 3 0.9999999999999999 0.00109999999999999 0.0005500000000000124
15 3 0.9999999999999999 0.00109999999999999 0.0005500000000000124
16 3 0.9999999999999999 0.00109999999999999 0.0005500000000000124
17 3 0.9999999999999999 0.00109999999999999 0.0005500000000000124
18 3 0.9999999999999999 0.00109999999999999 0.0005500000000000124
19 3 0.9999999999999999 0.00109999999999999 0.0005500000000000124
20 3 0.9999999999999999 0.00109999999999999 0.0005500000000000124
21 3 0.9999999999999999 0.00109999999999999 0.0005500000000000124
22 3 0.9999999999999999 0.00109999999999999 0.0005500000000000124
23 3 0.9999999999999999 0.00109999999999999 0.0005500000000000124
24 3 0.9999999999999999 0.00109999999999999 0.0005500000000000124
25 3 0.9999999999999999 0.00109999999999999 0.0005500000000000124
26 3 0.9999999999999999 0.00109999999999999 0.0005500000000000124
27 3 0.9999999999999999 0.00109999999999999 0.0005500000000000124
28 3 0.9999999999999999 0.00109999999999999 0.0005500000000000124
29 3 0.9999999999999999 0.00109999999999999 0.0005500000000000124
30 3 0.9999999999999999 0.00109999999999999 0.0005500000000000124
31 3 0.9999999999999999 0.00109999999999999 0.0005500000000000124
32 3 0.9999999999999999 0.00109999999999999 0.0005500000000000124
33 3 0.9999999999999999 0.00109999999999999 0.0005500000000000124
34 3 0.9999999999999999 0.00109999999999999 0.0005500000000000124
35 3 0.9999999999999999 0.00109999999999999 0.0005500000000000124
36 3 0.9999999999999999 0.00109999999999999 0.0005500000000000124
37 3 0.9999999999999999 0.00109999999999999 0.0005500000000000124
38 3 0.9999999999999999 0.00109999999999999 0.0005500000000000124
39 3 0.9999999999999999 0.00109999999999999 0.0005500000000000124
40 3 0.9999999999999999 0.00109999999999999 0.0005500000000000124
41 3 0.9999999999999999 0.00109999999999999 0.0005500000000000124
42 3 0.9999999999999999 0.00109999999999999 0.0005500000000000124
43 3 0.9999999999999999 0.00109999999999999 0.0005500000000000124
44 3 0.9999999999999999 0.00109999999999999 0.0005500000000000124
45 3 0.9999999999999999 0.00109999999999999 0.0005500000000000124
46 3 0.9999999999999999 0.00109999999999999 0.0005500000000000124
47 3 0.9999999999999999 0.00109999999999999 0.0005500000000000124
48 3 0.9999999999999999 0.00109999999999999 0.0005500000000000124
49 3 0.9999999999999999 0.00109999999999999 0.0005500000000000124
50 3 0.9999999999999999 0.00109999999999999 0.0005500000000000124
51 3 0.9999999999999999 0.00109999999999999 0.0005500000000000124
52 3 0.9999999999999999 0.00109999999999999 0.0005500000000000124
53 3 0.9999999999999999 0.00109999999999999 0.0005500000000000124
54 3 0.9999999999999999 0.00109999999999999 0.0005500000000000124
55 3 0.9999999999999999 0.00109999999999999 0.0005500000000000124
56 3 0.9999999999999999 0.00109999999999999 0.0005500000000000124
57 3 0.9999999999999999 0.00109999999999999 0.0005500000000000124
58 3 0.9999999999999999 0.00109999999999999 0.0005500000000000124
59 3 1.00055 0.0007329302217113806 3.4675398050608307e-18
0 4 0.99945 0.0007337368886220641 3.471356197862439e-18
1 4 0.9999999999999999 0.00109999999999999 0.0005500000000000124
2 4 0.9999999999999999 0.00109999999999999 0.0005500000000000124
3 4 0.9999999999999999 0.00109999999999999 0.0005500000000000124
4 4 0.9999999999999999 0.00109999999999999 0.0005500000000000124
5 4 0.9999999999999999 0.00109999999999999 0.0005500000000000124
6 4 0.9999999999999999 0.00109999999999999 0.0005500000000000124
7 4 0.9999999999999999 0.00109999999999999 0.0005500000000000124
8 4 0.9999999999999999 0.00109999999999999 0.0005500000000000124
9 4 0.9999999999999999 0.00109999999999999 0.0005500000000000124
10 4 0.9999999999999999 0.00109999999999999 0.0005500000000000124
11 4 0.9999999999999999 0.00109999999999999 0.0005500000000000124
12 4 0.9999999999999999 0.00109999999999999 0.0005500000000000124
13 4 0.9999999999999999 0.00109999999999999 0.0005500000000000124
14 4 0.9999999999999999 0.00109999999999999 0.0005500000000000124
15 4 0.9999999999999999 0.00109999999999999 0.0005500000000000124
16 4 0.9999999999999999 0.00109999999999999 0.0005500000000000124
17 4 0.9999999999999999 0.00109999999999999 0.0005500000000000124
18 4 0.9999999999999999 0.00109999999999999 0.0005500000000000124
19 4 0.9999999999999999 0.00109999999999999 0.0005500000000000124
20 4 0.9999999999999999 0.00109999999999999 0.0005500000000000124
21 4 0.9999999999999999 0.00109999999999999 0.0005500000000000124
22 4 0.9999999999999999 0.00109999999999999 0.0005500000000000124
23 4 0.9999999999999999 0.00109999999999999 0.0005500000000000124
24 4 0.9999999999999999 0.00109999999999999 0.0005500000000000124
25 4 0.9999999999999999 0.00109999999999999 0.0005500000000000124
26 4 0.9999999999999999 0.00109999999999999 0.0005500000000000124
27 4 0.9999999999999999 0.00109999999999999 0.0005500000000000124
28 4 0.9999999999999999 0.00109999999999999 0.0005500000000000124
29 4 0.9999999999999999 0.00109999999999999 0.0005500000000000124
30 4 0.9999999999999999 0.00109999999999999 0.0005500000000000124
31 4 0.9999999999999999 0.00109999999999999 0.0005500000000000124
32 4 0.9999999999999999 0.00109999999999999 0.0005500000000000124
33 4 0.9999999999999999 0.00109999999999999 0.0005500000000000124
34 4 0.9999999999999999 0.00109999999999999 0.0005500000000000124
35 4 0.9999999999999999 0.00109999999999999 0.0005500000000000124
36 4 0.9999999999999999 0.00109999999999999 0.0005500000000000124
37 4 0.9999999999999999 0.00109999999999999 0.0005500000000000124
38 4 0.9999999999999999 0.00109999999999999 0.0005500000000000124
39 4 0.9999999999999999 0.00109999999999999 0.0005500000000000124
40 4 0.9999999999999999 0.00109999999999999 0.0005500000000000124
41 4 0.9999999999999999 0.00109999999999999 0.0005500000000000124
42 4 0.9999999999999999 0.00109999999999999 0.0005500000000000124
43 4 0.9999999999999999 0.00109999999999999 0.0005500000000000124
44 4 0.9999999999999999 0.00109999999999999 0.0005500000000000124
45 4 0.9999999999999999 0.00109999999999999 0.0005500000000000124
46 4 0.9999999999999999 0.00109999999999999 0.0005500000000000124
47 4 0.9999999999999999 0.00109999999999999 0.0005500000000000124
48 4 0.9999999999999999 0.00109999999999999 0.0005500000000000124
49 4 0.9999999999999999 0.00109999999999999 0.0005500000000000124
50 4 0.9999999999999999 0.00109999999999999 0.0005500000000000124
51 4 0.9999999999999999 0.00109999999999999 0.0005500000000000124
52 4 0.9999999999999999 0.00109999999999999 0.0005500000000000124
53 4 0.9999999999999999 0.00109999999999999 0.0005500000000000124
54 4 0.9999999999999999 0.00109999999999999 0.0005500000000000124
55 4 0.9999999999999999 0.00109999999999999 0.0005500000000000124
56 4 0.9999999999999999 0.00109999999999999 0.0005500000000000124
57 4 0.9999999999999999 0.00109999999999999 0.0005500000000000124
58 4 0.9999999999999999 0.00109999999999999 0.0005500000000000124
59 4 1.00055 0.0007329302217113806 3.4675398050608307e-18
0 5 0.99945 0.0007337368886220641 3.471356197862439e-18
1 5 0.9999999999999999 0.00109999999999999 0.0005500000000000124
2 5 0.9999999999999999 0.00109999999999999 0.0005500000000000124
3 5 0.9999999999999999 0.00109999999999999 0.0005500000000000124
4 5 0.9999999999999999 0.00109999999999999 0.0005500000000000124
5 5 0.9999999999999999 0.00109999999999999 0.0005500000000000124
6 5 0.9999999999999999 0.00109999999999999 0.0005500000000000124
7 5 0.9999999999999999 0.00109999999999999 0.0005500000000000124
8 5 0.9999999999999999 0.00109999999999999 0.0005500000000000124
9 5 0.9999999999999999 0.00109999999999999 0.0005500000000000124
10 5 0.9999999999999999 0.00109999999999999 0.0005500000000000124
11 5 0.9999999999999999 0.00109999999999999 0.0005500000000000124
12 5 0.9999999999999999 0.00109999999999999 0.0005500000000000124
13 5 0.9999999999999999 0.00109999999999999 0.0005500000000000124
14 5 0.9999999999999999 0.00109999999999999 0.0005500000000000124
15 5 0.9999999999999999 0.00109999999999999 0.0005500000000000124
16 5 0.9999999999999999 0.00109999999999999 0.0005500000000000124
17 5 0.9999999999999999 0.00109999999999999 0.0005500000000000124
18 5 0.9999999999999999 0.00109999999999999 0.0005500000000000124
19 5 0.9999999999999999 0.00109999999999999 0.0005500000000000124
20 5 0.9999999999999999 0.00109999999999999 0.0005500000000000124
21 5 0.9999999999999999 0.00109999999999999 0.0005500000000000124
22 5 0.9999999999999999 0.00109999999999999 0.0005500000000000124
23 5 0.9999999999999999 0.00109999999999999 0.0005500000000000124
24 5 0.9999999999999999 0.00109999999999999 0.0005500000000000124
25 5 0.9999999999999999 0.00109999999999999 0.0005500000000000124
26 5 0.9999999999999999 0.00109999999999999 0.0005500000000000124
27 5 0.9999999999999999 0.00109999999999999 0.0005500000000000124
28 5 0.9999999999999999 0.00109999999999999 0.0005500000000000124
29 5 0.9999999999999999 0.00109999999999999 0.0005500000000000124
30 5 0.9999999999999999 0.00109999999999999 0.0005500000000000124
31 5 0.9999999999999999 0.00109999999999999 0.0005500000000000124
32 5 0.9999999999999999 0.00109999999999999 0.0005500000000000124
33 5 0.9999999999999999 0.00109999999999999 0.0005500000000000124
34 5 0.9999999999999999 0.00109999999999999 0.0005500000000000124
35 5 0.9999999999999999 0.00109999999999999 0.0005500000000000124
36 5 0.9999999999999999 0.00109999999999999 0.0005500000000000124
37 5 0.9999999999999999 0.00109999999999999 0.0005500000000000124
38 5 0.9999999999999999 0.00109999999999999 0.0005500000000000124
39 5 0.9999999999999999 0.00109999999999999 0.0005500000000000124
40 5 0.9999999999999999 0.00109999999999999 0.0005500000000000124
41 5 0.9999999999999999 0.00109999999999999 0.0005500000000000124
42 5 0.9999999999999999 0.00109999999999999 0.0005500000000000124
43 5 0.9999999999999999 0.00109999999999999 0.0005500000000000124
44 5 0.9999999999999999 0.00109999999999999 0.0005500000000000124
45 5 0.9999999999999999 0.00109999999999999 0.0005500000000000124
46 5 0.9999999999999999 0.00109999999999999 0.0005500000000000124
47 5 0.9999999999999999 0.00109999999999999 0.0005500000000000124
48 5 0.9999999999999999 0.00109999999999999 0.0005500000000000124
49 5 0.9999999999999999 0.00109999999999999 0.0005500000000000124
50 5 0.9999999999999999 0.00109999999999999 0.0005500000000000124
51 5 0.9999999999999999 0.00109999999999999 0.0005500000000000124
52 5 0.9999999999999999 0.00109999999999999 0.0005500000000000124
53 5 0.9999999999999999 0.00109999999999999 0.0005500000000000124
54 5 0.9999999999999999 0.00109999999999999 0.0005500000000000124
55 5 0.9999999999999999 0.00109999999999999 0.0005500000000000124
56 5 0.9999999999999999 0.00109999999999999 0.0005500000000000124
57 5 0.9999999999999999 0.00109999999999999 0.0005500000000000124
58 5 0.9999999999999999 0.00109999999999999 0.0005500000000000124
59 5 1.00055 0.0007329302217113806 3.4675398050608307e-18
0 6 0.99945 0.0007337368886220641 3.471356197862439e-18
1 6 0.9999999999999999 0.00109999999999999 0.0005500000000000124
2 6 0.9999999999999999 0.00109999999999999 0.0005500000000000124
3 6 0.9999999999999999 0.00109999999999999 0.0005500000000000124
4 6 0.9999999999999999 0.00109999999999999 0.0005500000000000124
5 6 0.9999999999999999 0.00109999999999999 0.0005500000000000124
6 6 0.9999999999999999 0.00109999999999999 0.0005500000000000124
7 6 0.9999999999999999 0.00109999999999999 0.0005500000000000124
8 6 0.9999999999999999 0.00109999999999999 0.0005500000000000124
9 6 0.9999999999999999 0.00109999999999999 0.0005500000000000124
10 6 0.9999999999999999 0.00109999999999999 0.0005500000000000124
11 6 0.9999999999999999 0.00109999999999999 0.0005500000000000124
12 6 0.9999999999999999 0.00109999999999999 0.0005500000000000124
13 6 0.9999999999999999 0.00109999999999999 0.0005500000000000124
14 6 0.9999999999999999 0.00109999999999999 0.0005500000000000124
15 6 0.9999999999999999 0.00109999999999999 0.0005500000000000124
16 6 0.9999999999999999 0.00109999999999999 0.0005500000000000124
17 6 0.9999999999999999 0.00109999999999999 0.0005500000000000124
18 6 0.9999999999999999 0.00109999999999999 0.0005500000000000124
19 6 0.9999999999999999 0.00109999999999999 0.0005500000000000124
20 6 0.9999999999999999 0.00109999999999999 0.0005500000000000124
21 6 0.9999999999999999 0.00109999999999999 0.0005500000000000124
22 6 0.9999999999999999 0.00109999999999999 0.0005500000000000124
23 6 0.9999999999999999 0.00109999999999999 0.0005500000000000124
24 6 0.9999999999999999 0.00109999999999999 0.0005500000000000124
25 6 0.9999999999999999 0.00109999999999999 0.0005500000000000124
26 6 0.9999999999999999 0.00109999999999999 0.0005500000000000124
27 6 0.9999999999999999 0.00109999999999999 0.0005500000000000124
28 6 0.9999999999999999 0.00109999999999999 0.0005500000000000124
29 6 0.9999999999999999 0.00109999999999999 0.0005500000000000124
30 6 0.9999999999999999 0.00109999999999999 0.0005500000000000124
31 6 0.9999999999999999 0.00109999999999999 0.0005500000000000124
32 6 0.9999999999999999 0.00109999999999999 0.0005500000000000124
33 6 0.9999999999999999 0.00109999999999999 0.0005500000000000124
34 6 0.9999999999999999 0.00109999999999999 0.0005500000000000124
35 6 0.9999999999999999 0.00109999999999999 0.0005500000000000124
36 6 0.9999999999999999 0.00109999999999999 0.0005500000000000124
37 6 0.9999999999999999 0.00109999999999999 0.0005500000000000124
38 6 0.9999999999999999 0.00109999999999999 0.0005500000000000124
39 6 0.9999999999999999 0.00109999999999999 0.0005500000000000124
40 6 0.9999999999999999 0.00109999999999999 0.0005500000000000124
41 6 0.9999999999999999 0.00109999999999999 0.0005500000000000124
42 6 0.9999999999999999 0.00109999999999999 0.0005500000000000124
43 6 0.9999999999999999 0.00109999999999999 0.0005500000000000124
44 6 0.9999999999999999 0.00109999999999999 0.0005500000000000124
45 6 0.9999999999999999 0.00109999999999999 0.0005500000000000124
46 6 0.9999999999999999 0.00109999999999999 0.0005500000000000124
47 6 0.9999999999999999 0.00109999999999999 0.0005500000000000124
48 6 0.9999999999999999 0.00109999999999999 0.0005500000000000124
49 6 0.9999999999999999 0.00109999999999999 0.0005500000000000124
50 6 0.9999999999999999 0.00109999999999999 0.0005500000000000124
51 6 0.9999999999999999 0.00109999999999999 0.0005500000000000124
52 6 0.9999999999999999 0.00109999999999999 0.0005500000000000124
53 6 0.9999999999999999 0.00109999999999999 0.0005500000000000124
54 6 0.9999999999999999 0.00109999999999999 0.0005500000000000124
55 6 0.9999999999999999 0.00109999999999999 0.0005500000000000124
56 6 0.9999999999999999 0.00109999999999999 0.0005500000000000124
57 6 0.9999999999999999 0.00109999999999999 0.0005500000000000124
58 6 0.9999999999999999 0.00109999999999999 0.0005500000000000124
59 6 1.00055 0.0007329302217113806 3.4675398050608307e-18
0 7 0.99945 0.0007337368886220641 3.471356197862439e-18
1 7 0.9999999999999999 0.00109999999999999 0.0005500000000000124
2 7 0.9999999999999999 0.00109999999999999 0.0005500000000000124
3 7 0.9999999999999999 0.00109999999999999 0.0005500000000000124
4 7 0.9999999999999999 0.00109999999999999 0.0005500000000000124
5 7 0.9999999999999999 0.00109999999999999 0.0005500000000000124
6 7 0.9999999999999999 0.00109999999999999 0.0005500000000000124
7 7 0.9999999999999999 0.00109999999999999 0.0005500000000000124
8 7 0.9999999999999999 0.00109999999999999 0.0005500000000000124
9 7 0.9999999999999999 0.00109999999999999 0.0005500000000000124
10 7 0.9999999999999999 0.00109999999999999 0.0005500000000000124
11 7 0.9999999999999999 0.00109999999999999 0.0005500000000000124
12 7 0.9999999999999999 0.00109999999999999 0.0005500000000000124
13 7 0.9999999999999999 0.00109999999999999 0.0005500000000000124
14 7 0.9999999999999999 0.00109999999999999 0.0005500000000000124
15 7 0.9999999999999999 0.00109999999999999 0.0005500000000000124
16 7 0.9999999999999999 0.00109999999999999 0.0005500000000000124
17 7 0.9999999999999999 0.00109999999999999 0.0005500000000000124
18 7 0.9999999999999999 0.00109999999999999 0.0005500000000000124
19 7 0.9999999999999999 0.00109999999999999 0.0005500000000000124
20 7 0.9999999999999999 0.00109999999999999 0.0005500000000000124
21 7 0.9999999999999999 0.00109999999999999 0.0005500000000000124
22 7 0.9999999999999999 0.00109999999999999 0.0005500000000000124
23 7 0.9999999999999999 0.00109999999999999 0.0005500000000000124
24 7 0.9999999999999999 0.00109999999999999 0.0005500000000000124
25 7 0.9999999999999999 0.00109999999999999 0.0005500000000000124
26 7 0.9999999999999999 0.00109999999999999 0.0005500000000000124
27 7 0.9999999999999999 0.00109999999999999 0.0005500000000000124
28 7 0.9999999999999999 0.00109999999999999 0.0005500000000000124
29 7 0.9999999999999999 0.00109999999999999 0.0005500000000000124
30 7 0.9999999999999999 0.00109999999999999 0.0005500000000000124
31 7 0.9999999999999999 0.00109999999999999 0.0005500000000000124
32 7 0.9999999999999999 0.00109999999999999 0.0005500000000000124
33 7 0.9999999999999999 0.00109999999999999 0.0005500000000000124
34 7 0.9999999999999999 0.00109999999999999 0.0005500000000000124
35 7 0.9999999999999999 0.00109999999999999 0.0005500000000000124
36 7 0.9999999999999999 0.00109999999999999 0.0005500000000000124
37 7 0.9999999999999999 0.00109999999999999 0.0005500000000000124
38 7 0.9999999999999999 0.00109999999999999 0.0005500000000000124
39 7 0.9999999999999999 0.00109999999999999 0.0005500000000000124
40 7 0.9999999999999999 0.00109999999999999 0.0005500000000000124
41 7 0.9999999999999999 0.00109999999999999 0.0005500000000000124
42 7 0.9999999999999999 0.00109999999999999 0.0005500000000000124
43 7 0.9999999999999999 0.00109999999999999 0.0005500000000000124
44 7 0.9999999999999999 0.00109999999999999 0.0005500000000000124
45 7 0.9999999999999999 0.00109999999999999 0.0005500000000000124
46 7 0.9999999999999999 0.00109999999999999 0.0005500000000000124
47 7 0.9999999999999999 0.00109999999999999 0.0005500000000000124
48 7 0.9999999999999999 0.00109999999999999 0.0005500000000000124
49 7 0.9999999999999999 0.00109999999999999 0.0005500000000000124
50 7 0.9999999999999999 0.00109999999999999 0.0005500000000000124
51 7 0.9999999999999999 0.00109999999999999 0.0005500000000000124
52 7 0.9999999999999999 0.00109999999999999 0.0005500000000000124
53 7 0.9999999999999999 0.00109999999999999 0.0005500000000000124
54 7 0.9999999999999999 0.00109999999999999 0.0005500000000000124
55 7 0.9999999999999999 0.00109999999999999 0.0005500000000000124
56 7 0.9999999999999999 0.00109999999999999 0.0005500000000000124
57 7 0.9999999999999999 0.00109999999999999 0.0005500000000000124
58 7 0.9999999999999999 0.00109999999999999 0.0005500000000000124
59 7 1.00055 0.0007329302217113806 3.4675398050608307e-18
0 8 0.99945 0.0007337368886220641 3.471356197862439e-18
1 8 0.9999999999999999 0.00109999999999999 0.0005500000000000124
2 8 0.9999999999999999 0.00109999999999999 0.0005500000000000124
3 8 0.9999999999999999 0.00109999999999999 0.0005500000000000124
4 8 0.9999999999999999 0.00109999999999999 0.0005500000000000124
5 8 0.9999999999999999 0.00109999999999999 0.0005500000000000124
6 8 0.9999999999999999 0.00109999999999999 0.0005500000000000124
7 8 0.9999999999999999 0.00109999999999999 0.0005500000000000124
8 8 0.9999999999999999 0.00109999999999999 0.0005500000000000124
9 8 0.9999999999999999 0.00109999999999999 0.0005500000000000124
10 8 0.9999999999999999 0.00109999999999999 0.0005500000000000124
11 8 0.9999999999999999 0.00109999999999999 0.0005500000000000124
12 8 0.9999999999999999 0.00109999999999999 0.0005500000000000124
13 8 0.9999999999999999 0.00109999999999999 0.0005500000000000124
14 8 0.9999999999999999 0.00109999999999999 0.0005500000000000124
15 8 0.9999999999999999 0.00109999999999999 0.0005500000000000124
16 8 0.9999999999999999 0.00109999999999999 0.0005500000000000124
17 8 0.9999999999999999 0.00109999999999999 0.0005500000000000124
18 8 0.9999999999999999 0.00109999999999999 0.0005500000000000124
19 8 0.9999999999999999 0.00109999999999999 0.0005500000000000124
20 8 0.9999999999999999 0.00109999999999999 0.0005500000000000124
21 8 0.9999999999999999 0.00109999999999999 0.0005500000000000124
22 8 0.9999999999999999 0.00109999999999999 0.0005500000000000124
23 8 0.9999999999999999 0.00109999999999999 0.0005500000000000124
24 8 0.9999999999999999 0.00109999999999999 0.0005500000000000124
25 8 0.9999999999999999 0.00109999999999999 0.0005500000000000124
26 8 0.9999999999999999 0.00109999999999999 0.0005500000000000124
27 8 0.9999999999999999 0.00109999999999999 0.0005500000000000124
28 8 0.9999999999999999 0.00109999999999999 0.0005500000000000124
29 8 0.9999999999999999 0.00109999999999999 0.0005500000000000124
30 8 0.9999999999999999 0.00109999999999999 0.0005500000000000124
31 8 0.9999999999999999 0.00109999999999999 0.0005500000000000124
32 8 0.9999999999999999 0.00109999999999999 0.0005500000000000124
33 8 0.9999999999999999 0.00109999999999999 0.0005500000000000124
34 8 0.9999999999999999 0.00109999999999999 0.0005500000000000124
35 8 0.9999999999999999 0.00109999999999999 0.0005500000000000124
36 8 0.9999999999999999 0.00109999999999999 0.0005500000000000124
37 8 0.9999999999999999 0.00109999999999999 0.0005500000000000124
38 8 0.9999999999999999 0.00109999999999999 0.0005500000000000124
39 8 0.9999999999999999 0.00109999999999999 0.0005500000000000124
40 8 0.9999999999999999 0.00109999999999999 0.0005500000000000124
41 8 0.9999999999999999 0.00109999999999999 0.0005500000000000124
42 8 0.9999999999999999 0.00109999999999999 0.0005500000000000124
43 8 0.9999999999999999 0.00109999999999999 0.0005500000000000124
44 8 0.9999999999999999 0.00109999999999999 0.0005500000000000124
45 8 0.9999999999999999 0.00109999999999999 0.0005500000000000124
46 8 0.9999999999999999 0.00109999999999999 0.0005500000000000124
47 8 0.9999999999999999 0.00109999999999999 0.0005500000000000124
48 8 0.9999999999999999 0.00109999999999999 0.0005500000000000124
49 8 0.9999999999999999 0.00109999999999999 0.0005500000000000124
50 8 0.9999999999999999 0.00109999999999999 0.0005500000000000124
51 8 0.9999999999999999 0.00109999999999999 0.0005500000000000124
52 8 0.9999999999999999 0.00109999999999999 0.0005500000000000124
53 8 0.9999999999999999 0.00109999999999999 0.0005500000000000124
54 8 0.9999999999999999 0.00109999999999999 0.0005500000000000124
55 8 0.9999999999999999 0.00109999999999999 0.0005500000000000124
56 8 0.9999999999999999 0.00109999999999999 0.0005500000000000124
57 8 0.9999999999999999 0.00109999999999999 0.0005500000000000124
58 8 0.9999999999999999 0.00109999999999999 0.0005500000000000124
59 8 1.00055 0.0007329302217113806 3.4675398050608307e-18
0 9 0.99945 0.0007337368886220641 3.471356197862439e-18
1 9 0.9999999999999999 0.00109999999999999 0.0005500000000000124
2 9 0.9999999999999999 0.00109999999999999 0.0005500000000000124
3 9 0.9999999999999999 0.00109999999999999 0.0005500000000000124
4 9 0.9999999999999999 0.00109999999999999 0.0005500000000000124
5 9 0.9999999999999999 0.00109999999999999 0.0005500000000000124
6 9 0.9999999999999999 0.00109999999999999 0.0005500000000000124
7 9 0.9999999999999999 0.00109999999999999 0.0005500000000000124
8 9 0.9999999999999999 0.00109999999999999 0.0005500000000000124
9 9 0.9999999999999999 0.00109999999999999 0.0005500000000000124
10 9 0.9999999999999999 0.00109999999999999 0.0005500000000000124
11 9 0.9999999999999999 0.00109999999999999 0.0005500000000000124
12 9 0.9999999999999999 0.00109999999999999 0.0005500000000000124
13 9 0.9999999999999999 0.00109999999999999 0.0005500000000000124
14 9 0.9999999999999999 0.00109999999999999 0.0005500000000000124
15 9 0.9999999999999999 0.00109999999999999 0.0005500000000000124
16 9 0.9999999999999999 0.00109999999999999 0.0005500000000000124
17 9 0.9999999999999999 0.00109999999999999 0.0005500000000000124
18 9 0.9999999999999999 0.00109999999999999 0.0005500000000000124
19 9 0.9999999999999999 0.00109999999999999 0.0005500000000000124
20 9 0.9999999999999999 0.00109999999999999 0.0005500000000000124
21 9 0.9999999999999999 0.00109999999999999 0.0005500000000000124
22 9 0.9999999999999999 0.00109999999999999 0.0005500000000000124
23 9 0.9999999999999999 0.00109999999999999 0.0005500000000000124
24 9 0.9999999999999999 0.00109999999999999 0.0005500000000000124
25 9 0.9999999999999999 0.00109999999999999 0.0005500000000000124
26 9 0.9999999999999999 0.00109999999999999 0.0005500000000000124
27 9 0.9999999999999999 0.00109999999999999 0.0005500000000000124
28 9 0.9999999999999999 0.00109999999999999 0.0005500000000000124
29 9 0.9999999999999999 0.00109999999999999 0.0005500000000000124
30 9 0.9999999999999999 0.00109999999999999 0.0005500000000000124
31 9 0.9999999999999999 0.00109999999999999 0.0005500000000000124
32 9 0.9999999999999999 0.00109999999999999 0.0005500000000000124
33 9 0.9999999999999999 0.00109999999999999 0.0005500000000000124
34 9 0.9999999999999999 0.00109999999999999 0.0005500000000000124
35 9 0.9999999999999999 0.00109999999999999 0.0005500000000000124
36 9 0.9999999999999999 0.00109999999999999 0.0005500000000000124
37 9 0.9999999999999999 0.00109999999999999 0.0005500000000000124
38 9 0.9999999999999999 0.00109999999999999 0.0005500000000000124
39 9 0.9999999999999999 0.00109999999999999 0.0005500000000000124
40 9 0.9999999999999999 0.00109999999999999 0.0005500000000000124
41 9 0.9999999999999999 0.00109999999999999 0.0005500000000000124
42 9 0.9999999999999999 0.00109999999999999 0.0005500000000000124
43 9 0.9999999999999999 0.00109999999999999 0.0005500000000000124
44 9 0.9999999999999999 0.00109999999999999 0.0005500000000000124
45 9 0.9999999999999999 0.00109999999999999 0.0005500000000000124
46 9 0.9999999999999999 0.00109999999999999 0.0005500000000000124
47 9 0.9999999999999999 0.00109999999999999 0.0005500000000000124
48 9 0.9999999999999999 0.00109999999999999 0.0005500000000000124
49 9 0.9999999999999999 0.00109999999999999 0.0005500000000000124
50 9 0.9999999999999999 0.00109999999999999 0.0005500000000000124
51 9 0.9999999999999999 0.00109999999999999 0.0005500000000000124
52 9 0.9999999999999999 0.00109999999999999 0.0005500000000000124
53 9 0.9999999999999999 0.00109999999999999 0.0005500000000000124
54 9 0.9999999999999999 0.00109999999999999 0.0005500000000000124
55 9 0.9999999999999999 0.00109999999999999 0.0005500000000000124
56 9 0.9999999999999999 0.00109999999999999 0.0005500000000000124
57 9 0.9999999999999999 0.00109999999999999 0.0005500000000000124
58 9 0.9999999999999999 0.00109999999999999 0.0005500000000000124
59 9 1.00055 0.0007329302217113806 3.4675398050608307e-18
0 10 0.99945 0.0007337368886220641 3.471356197862439e-18
1 10 0.9999999999999999 0.00109999999999999 0.0005500000000000124
2 10 0.9999999999999999 0.00109999999999999 0.0005500000000000124
3 10 0.9999999999999999 0.00109999999999999 0.0005500000000000124
4 10 0.9999999999999999 0.00109999999999999 0.0005500000000000124
5 10 0.9999999999999999 0.00109999999999999 0.0005500000000000124
6 10 0.9999999999999999 0.00109999999999999 0.0005500000000000124
7 10 0.9999999999999999 0.00109999999999999 0.0005500000000000124
8 10 0.9999999999999999 0.00109999999999999 0.0005500000000000124
9 10 0.9999999999999999 0.00109999999999999 0.0005500000000000124
10 10 0.9999999999999999 0.00109999999999999 0.0005500000000000124
11 10 0.9999999999999999 0.00109999999999999 0.0005500000000000124
12 10 0.9999999999999999 0.00109999999999999 0.0005500000000000124
13 10 0.9999999999999999 0.00109999999999999 0.0005500000000000124
14 10 0.9999999999999999 0.00109999999999999 0.0005500000000000124
15 10 0.9999999999999999 0.00109999999999999 0.0005500000000000124
16 10 0.9999999999999999 0.00109999999999999 0.0005500000000000124
17 10 0.9999999999999999 0.00109999999999999 0.0005500000000000124
18 10 0.9999999999999999 0.00109999999999999 0.0005500000000000124
19 10 0.9999999999999999 0.00109999999999999 0.0005500000000000124
20 10 0.9999999999999999 0.00109999999999999 0.0005500000000000124
21 10 0.9999999999999999 0.00109999999999999 0.0005500000000000124
22 10 0.9999999999999999 0.00109999999999999 0.0005500000000000124
23 10 0.9999999999999999 0.00109999999999999 0.0005500000000000124
24 10 0.9999999999999999 0.00109999999999999 0.0005500000000000124
25 10 0.9999999999999999 0.00109999999999999 0.0005500000000000124
26 10 0.9999999999999999 0.00109999999999999 0.0005500000000000124
27 10 0.9999999999999999 0.00109999999999999 0.0005500000000000124
28 10 0.9999999999999999 0.00109999999999999 0.0005500000000000124
29 10 0.9999999999999999 0.00109999999999999 0.0005500000000000124
30 10 0.9999999999999999 0.00109999999999999 0.0005500000000000124
31 10 0.9999999999999999 0.00109999999999999 0.0005500000000000124
32 10 0.9999999999999999 0.00109999999999999 0.0005500000000000124
33 10 0.9999999999999999 0.00109999999999999 0.0005500000000000124
34 10 0.9999999999999999 0.00109999999999999 0.0005500000000000124
35 10 0.9999999999999999 0.00109999999999999 0.0005500000000000124
36 10 0.9999999999999999 0.00109999999999999 0.0005500000000000124
37 10 0.9999999999999999 0.00109999999999999 0.0005500000000000124
38 10 0.9999999999999999 0.00109999999999999 0.0005500000000000124
39 10 0.9999999999999999 0.00109999999999999 0.0005500000000000124
40 10 0.9999999999999999 0.00109999999999999 0.0005500000000000124
41 10 0.9999999999999999 0.00109999999999999 0.0005500000000000124
42 10 0.9999999999999999 0.00109999999999999 0.0005500000000000124
43 10 0.9999999999999999 0.00109999999999999 0.0005500000000000124
44 10 0.9999999999999999 0.00109999999999999 0.0005500000000000124
45 10 0.9999999999999999 0.00109999999999999 0.0005500000000000124
46 10 0.9999999999999999 0.00109999999999999 0.0005500000000000124
47 10 0.9999999999999999 0.00109999999999999 0.0005500000000000124
48 10 0.9999999999999999 0.00109999999999999 0.0005500000000000124
49 10 0.9999999999999999 0.00109999999999999 0.0005500000000000124
50 10 0.9999999999999999 0.00109999999999999 0.0005500000000000124
51 10 0.9999999999999999 0.00109999999999999 0.0005500000000000124
52 10 0.9999999999999999 0.00109999999999999 0.0005500000000000124
53 10 0.9999999999999999 0.00109999999999999 0.0005500000000000124
54 10 0.9999999999999999 0.00109999999999999 0.0005500000000000124
55 10 0.9999999999999999 0.00109999999999999 0.0005500000000000124
56 10 0.9999999999999999 0.00109999999999999 0.0005500000000000124
57 10 0.9999999999999999 0.00109999999999999 0.0005500000000000124
58 10 0.9999999999999999 0.00109999999999999 0.0005500000000000124
59 10 1.00055 0.0007329302217113806 3.4675398050608307e-18
0 11 0.99945 0.0007337368886220641 3.471356197862439e-18
1 11 0.9999999999999999 0.00109999999999999 0.0005500000000000124
2 11 0.9999999999999999 0.00109999999999999 0.0005500000000000124
3 11 0.9999999999999999 0.00109999999999999 0.0005500000000000124
4 11 0.9999999999999999 0.00109999999999999 0.0005500000000000124
5 11 0.9999999999999999 0.00109999999999999 0.0005500000000000124
6 11 0.9999999999999999 0.00109999999999999 0.0005500000000000124
7 11 0.9999999999999999 0.00109999999999999 0.0005500000000000124
8 11 0.9999999999999999 0.00109999999999999 0.0005500000000000124
9 11 0.9999999999999999 0.00109999999999999 0.0005500000000000124
10 11 0.9999999999999999 0.00109999999999999 0.0005500000000000124
11 11 0.9999999999999999 0.00109999999999999 0.0005500000000000124
12 11 0.9999999999999999 0.00109999999999999 0.0005500000000000124
13 11 0.9999999999999999 0.00109999999999999 0.0005500000000000124
14 11 0.9999999999999999 0.00109999999999999 0.0005500000000000124
15 11 0.9999999999999999 0.00109999999999999 0.0005500000000000124
16 11 0.9999999999999999 0.00109999999999999 0.0005500000000000124
17 11 0.9999999999999999 0.00109999999999999 0.0005500000000000124
18 11 0.9999999999999999 0.00109999999999999 0.0005500000000000124
19 11 0.9999999999999999 0.00109999999999999 0.0005500000000000124
20 11 0.9999999999999999 0.00109999999999999 0.0005500000000000124
21 11 0.9999999999999999 0.00109999999999999 0.0005500000000000124
22 11 0.9999999999999999 0.00109999999999999 0.0005500000000000124
23 11 0.9999999999999999 0.00109999999999999 0.0005500000000000124
24 11 0.9999999999999999 0.00109999999999999 0.0005500000000000124
25 11 0.9999999999999999 0.00109999999999999 0.0005500000000000124
26 11 0.9999999999999999 0.00109999999999999 0.0005500000000000124
27 11 0.9999999999999999 0.00109999999999999 0.0005500000000000124
28 11 0.9999999999999999 0.00109999999999999 0.0005500000000000124
29 11 0.9999999999999999 0.00109999999999999 0.0005500000000000124
30 11 0.9999999999999999 0.00109999999999999 0.0005500000000000124
31 11 0.9999999999999999 0.00109999999999999 0.0005500000000000124
32 11 0.9999999999999999 0.00109999999999999 0.0005500000000000124
33 11 0.9999999999999999 0.00109999999999999 0.0005500000000000124
34 11 0.9999999999999999 0.00109999999999999 0.0005500000000000124
35 11 0.9999999999999999 0.00109999999999999 0.0005500000000000124
36 11 0.9999999999999999 0.00109999999999999 0.0005500000000000124
37 11 0.9999999999999999 0.00109999999999999 0.0005500000000000124
38 11 0.9999999999999999 0.00109999999999999 0.0005500000000000124
39 11 0.9999999999999999 0.00109999999999999 0.0005500000000000124
40 11 0.9999999999999999 0.00109999999999999 0.0005500000000000124
41 11 0.9999999999999999 0.00109999999999999 0.0005500000000000124
42 11 0.9999999999999999 0.00109999999999999 0.0005500000000000124
43 11 0.9999999999999999 0.00109999999999999 0.0005500000000000124
44 11 0.9999999999999999 0.00109999999999999 0.0005500000000000124
45 11 0.9999999999999999 0.00109999999999999 0.0005500000000000124
46 11 0.9999999999999999 0.00109999999999999 0.0005500000000000124
47 11 0.9999999999999999 0.00109999999999999 0.0005500000000000124
48 11 0.9999999999999999 0.00109999999999999 0.0005500000000000124
49 11 0.9999999999999999 0.00109999999999999 0.0005500000000000124
50 11 0.9999999999999999 0.00109999999999999 0.0005500000000000124
51 11 0.9999999999999999 0.00109999999999999 0.0005500000000000124
52 11 0.9999999999999999 0.00109999999999999 0.0005500000000000124
53 11 0.9999999999999999 0.00109999999999999 0.0005500000000000124
54 11 0.9999999999999999 0.00109999999999999 0.0005500000000000124
55 11 0.9999999999999999 0.00109999999999999 0.0005500000000000124
56 11 0.9999999999999999 0.00109999999999999 0.0005500000000000124
57 11 0.9999999999999999 0.00109999999999999 0.0005500000000000124
58 11 0.9999999999999999 0.00109999999999999 0.0005500000000000124
59 11 1.00055 0.0007329302217113806 3.4675398050608307e-18
0 12 0.99945 0.0007337368886220641 3.471356197862439e-18
1 12 0.9999999999999999 0.00109999999999999 0.0005500000000000124
2 12 0.9999999999999999 0.00109999999999999 0.0005500000000000124
3 12 0.9999999999999999 0.00109999999999999 0.0005500000000000124
4 12 0.9999999999999999 0.00109999999999999 0.0005500000000000124
5 12 0.9999999999999999 0.00109999999999999 0.0005500000000000124
6 12 0.9999999999999999 0.00109999999999999 0.0005500000000000124
7 12 0.9999999999999999 0.00109999999999999 0.0005500000000000124
8 12 0.9999999999999999 0.00109999999999999 0.0005500000000000124
9 12 0.9999999999999999 0.00109999999999999 0.0005500000000000124
10 12 0.9999999999999999 0.00109999999999999 0.0005500000000000124
11 12 0.9999999999999999 0.00109999999999999 0.0005500000000000124
12 12 0.9999999999999999 0.00109999999999999 0.0005500000000000124
13 12 0.9999999999999999 0.00109999999999999 0.0005500000000000124
14 12 0.9999999999999999 0.00109999999999999 0.0005500000000000124
15 12 0.9999999999999999 0.00109999999999999 0.0005500000000000124
16 12 0.9999999999999999 0.00109999999999999 0.0005500000000000124
17 12 0.9999999999999999 0.00109999999999999 0.0005500000000000124
18 12 0.9999999999999999 0.00109999999999999 0.0005500000000000124
19 12 0.9999999999999999 0.00109999999999999 0.0005500000000000124
20 12 0.9999999999999999 0.00109999999999999 0.0005500000000000124
21 12 0.9999999999999999 0.00109999999999999 0.0005500000000000124
22 12 0.9999999999999999 0.00109999999999999 0.0005500000000000124
23 12 0.9999999999999999 0.00109999999999999 0.0005500000000000124
24 12 0.9999999999999999 0.00109999999999999 0.0005500000000000124
25 12 0.9999999999999999 0.00109999999999999 0.0005500000000000124
26 12 0.9999999999999999 0.00109999999999999 0.0005500000000000124
27 12 0.9999999999999999 0.00109999999999999 0.0005500000000000124
28 12 0.9999999999999999 0.00109999999999999 0.0005500000000000124
29 12 0.9999999999999999 0.00109999999999999 0.0005500000000000124
30 12 0.9999999999999999 0.00109999999999999 0.0005500000000000124
31 12 0.9999999999999999 0.00109999999999999 0.0005500000000000124
32 12 0.9999999999999999 0.00109999999999999 0.0005500000000000124
33 12 0.9999999999999999 0.00109999999999999 0.0005500000000000124
34 12 0.9999999999999999 0.00109999999999999 0.0005500000000000124
35 12 0.9999999999999999 0.00109999999999999 0.0005500000000000124
36 12 0.9999999999999999 0.00109999999999999 0.0005500000000000124
37 12 0.9999999999999999 0.00109999999999999 0.0005500000000000124
38 12 0.9999999999999999 0.00109999999999999 0.0005500000000000124
39 12 0.9999999999999999 0.00109999999999999 0.0005500000000000124
40 12 0.9999999999999999 0.00109999999999999 0.0005500000000000124
41 12 0.9999999999999999 0.00109999999999999 0.0005500000000000124
42 12 0.9999999999999999 0.00109999999999999 0.0005500000000000124
43 12 0.9999999999999999 0.00109999999999999 0.0005500000000000124
44 12 0.9999999999999999 0.00109999999999999 0.0005500000000000124
45 12 0.9999999999999999 0.00109999999999999 0.0005500000000000124
46 12 0.9999999999999999 0.00109999999999999 0.0005500000000000124
47 12 0.9999999999999999 0.00109999999999999 0.0005500000000000124
48 12 0.9999999999999999 0.00109999999999999 0.0005500000000000124
49 12 0.9999999999999999 0.00109999999999999 0.0005500000000000124
50 12 0.9999999999999999 0.00109999999999999 0.0005500000000000124
51 12 0.9999999999999999 0.00109999999999999 0.0005500000000000124
52 12 0.9999999999999999 0.00109999999999999 0.0005500000000000124
53 12 0.9999999999999999 0.00109999999999999 0.0005500000000000124
54 12 0.9999999999999999 0.00109999999999999 0.0005500000000000124
55 12 0.9999999999999999 0.00109999999999999 0.0005500000000000124
56 12 0.9999999999999999 0.00109999999999999 0.0005500000000000124
57 12 0.9999999999999999 0.00109999999999999 0.0005500000000000124
58 12 0.9999999999999999 0.00109999999999999 0.0005500000000000124
59 12 1.00055 0.0007329302217113806 3.4675398050608307e-18
0 13 0.99945 0.0007337368886220641 3.471356197862439e-18
1 13 0.9999999999999999 0.00109999999999999 0.0005500000000000124
2 13 0.9999999999999999 0.00109999999999999 0.0005500000000000124
3 13 0.9999999999999999 0.00109999999999999 0.0005500000000000124
4 13 0.9999999999999999 0.00109999999999999 0.0005500000000000124
5 13 0.9999999999999999 0.00109999999999999 0.0005500000000000124
6 13 0.9999999999999999 0.00109999999999999 0.0005500000000000124
7 13 0.9999999999999999 0.00109999999999999 0.0005500000000000124
8 13 0.9999999999999999 0.00109999999999999 0.0005500000000000124
9 13 0.9999999999999999 0.00109999999999999 0.0005500000000000124
10 13 0.9999999999999999 0.00109999999999999 0.0005500000000000124
11 13 0.9999999999999999 0.00109999999999999 0.0005500000000000124
12 13 0.9999999999999999 0.00109999999999999 0.0005500000000000124
13 13 0.9999999999999999 0.00109999999999999 0.0005500000000000124
14 13 0.9999999999999999 0.00109999999999999 0.0005500000000000124
15 13 0.9999999999999999 0.00109999999999999 0.0005500000000000124
16 13 0.9999999999999999 0.00109999999999999 0.0005500000000000124
17 13 0.9999999999999999 0.00109999999999999 0.0005500000000000124
18 13 0.9999999999999999 0.00109999999999999 0.0005500000000000124
19 13 0.9999999999999999 0.00109999999999999 0.0005500000000000124
20 13 0.9999999999999999 0.00109999999999999 0.0005500000000000124
21 13 0.9999999999999999 0.00109999999999999 0.0005500000000000124
22 13 0.9999999999999999 0.00109999999999999 0.0005500000000000124
23 13 0.9999999999999999 0.00109999999999999 0.0005500000000000124
24 13 0.9999999999999999 0.00109999999999999 0.0005500000000000124
25 13 0.9999999999999999 0.00109999999999999 0.0005500000000000124
26 13 0.9999999999999999 0.00109999999999999 0.0005500000000000124
27 13 0.9999999999999999 0.00109999999999999 0.0005500000000000124
28 13 0.9999999999999999 0.00109999999999999 0.0005500000000000124
29 13 0.9999999999999999 0.00109999999999999 0.0005500000000000124
30 13 0.9999999999999999 0.00109999999999999 0.0005500000000000124
31 13 0.9999999999999999 0.00109999999999999 0.0005500000000000124
32 13 0.9999999999999999 0.00109999999999999 0.0005500000000000124
33 13 0.9999999999999999 0.00109999999999999 0.0005500000000000124
34 13 0.9999999999999999 0.00109999999999999 0.0005500000000000124
35 13 0.9999999999999999 0.00109999999999999 0.0005500000000000124
36 13 0.9999999999999999 0.00109999999999999 0.0005500000000000124
37 13 0.9999999999999999 0.00109999999999999 0.0005500000000000124
38 13 0.9999999999999999 0.00109999999999999 0.0005500000000000124
39 13 0.9999999999999999 0.00109999999999999 0.0005500000000000124
40 13 0.9999999999999999 0.00109999999999999 0.0005500000000000124
41 13 0.9999999999999999 0.00109999999999999 0.0005500000000000124
42 13 0.9999999999999999 0.00109999999999999 0.0005500000000000124
43 13 0.9999999999999999 0.00109999999999999 0.0005500000000000124
44 13 0.9999999999999999 0.00109999999999999 0.0005500000000000124
45 13 0.9999999999999999 0.00109999999999999 0.0005500000000000124
46 13 0.9999999999999999 0.00109999999999999 0.0005500000000000124
47 13 0.9999999999999999 0.00109999999999999 0.0005500000000000124
48 13 0.9999999999999999 0.00109999999999999 0.0005500000000000124
49 13 0.9999999999999999 0.00109999999999999 0.0005500000000000124
50 13 0.9999999999999999 0.00109999999999999 0.0005500000000000124
51 13 0.9999999999999999 0.00109999999999999 0.0005500000000000124
52 13 0.9999999999999999 0.00109999999999999 0.0005500000000000124
53 13 0.9999999999999999 0.00109999999999999 0.0005500000000000124
54 13 0.9999999999999999 0.00109999999999999 0.0005500000000000124
55 13 0.9999999999999999 0.00109999999999999 0.0005500000000000124
56 13 0.9999999999999999 0.00109999999999999 0.0005500000000000124
57 13 0.9999999999999999 0.00109999999999999 0.0005500000000000124
58 13 0.9999999999999999 0.00109999999999999 0.0005500000000000124
59 13 1.00055 0.0007329302217113806 3.4675398050608307e-18
0 14 0.99945 0.0007337368886220641 3.471356197862439e-18
1 14 0.9999999999999999 0.00109999999999999 0.0005500000000000124
2 14 0.9999999999999999 0.00109999999999999 0.0005500000000000124
3 14 0.9999999999999999 0.00109999999999999 0.0005500000000000124
4 14 0.9999999999999999 0.00109999999999999 0.0005500000000000124
5 14 0.9999999999999999 0.00109999999999999 0.0005500000000000124
6 14 0.9999999999999999 0.00109999999999999 0.0005500000000000124
7 14 0.9999999999999999 0.00109999999999999 0.0005500000000000124
8 14 0.9999999999999999 0.00109999999999999 0.0005500000000000124
9 14 0.9999999999999999 0.00109999999999999 0.0005500000000000124
10 14 0.9999999999999999 0.00109999999999999 0.0005500000000000124
11 14 0.9999999999999999 0.00109999999999999 0.0005500000000000124
12 14 0.9999999999999999 0.00109999999999999 0.0005500000000000124
13 14 0.9999999999999999 0.00109999999999999 0.0005500000000000124
14 14 0.9999999999999999 0.00109999999999999 0.0005500000000000124
15 14 0.9999999999999999 0.00109999999999999 0.0005500000000000124
16 14 0.9999999999999999 0.00109999999999999 0.0005500000000000124
17 14 0.9999999999999999 0.00109999999999999 0.0005500000000000124
18 14 0.9999999999999999 0.00109999999999999 0.0005500000000000124
19 14 0.9999999999999999 0.00109999999999999 0.0005500000000000124
20 14 0.9999999999999999 0.00109999999999999 0.0005500000000000124
21 14 0.9999999999999999 0.00109999999999999 0.0005500000000000124
22 14 0.9999999999999999 0.00109999999999999 0.0005500000000000124
23 14 0.9999999999999999 0.00109999999999999 0.0005500000000000124
24 14 0.9999999999999999 0.00109999999999999 0.0005500000000000124
25 14 0.9999999999999999 0.00109999999999999 0.0005500000000000124
26 14 0.9999999999999999 0.00109999999999999 0.0005500000000000124
27 14 0.9999999999999999 0.00109999999999999 0.0005500000000000124
28 14 0.9999999999999999 0.00109999999999999 0.0005500000000000124
29 14 0.9999999999999999 0.00109999999999999 0.0005500000000000124
30 14 0.9999999999999999 0.00109999999999999 0.0005500000000000124
31 14 0.9999999999999999 0.00109999999999999 0.0005500000000000124
32 14 0.9999999999999999 0.00109999999999999 0.0005500000000000124
33 14 0.9999999999999999 0.00109999999999999 0.0005500000000000124
34 14 0.9999999999999999 0.00109999999999999 0.0005500000000000124
35 14 0.9999999999999999 0.00109999999999999 0.0005500000000000124
36 14 0.9999999999999999 0.00109999999999999 0.0005500000000000124
37 14 0.9999999999999999 0.00109999999999999 0.0005500000000000124
38 14 0.9999999999999999 0.00109999999999999 0.0005500000000000124
39 14 0.9999999999999999 0.00109999999999999 0.0005500000000000124
40 14 0.9999999999999999 0.00109999999999999 0.0005500000000000124
41 14 0.9999999999999999 0.00109999999999999 0.0005500000000000124
42 14 0.9999999999999999 0.00109999999999999 0.0005500000000000124
43 14 0.9999999999999999 0.00109999999999999 0.0005500000000000124
44 14 0.9999999999999999 0.00109999999999999 0.0005500000000000124
45 14 0.9999999999999999 0.00109999999999999 0.0005500000000000124
46 14 0.9999999999999999 0.00109999999999999 0.0005500000000000124
47 14 0.9999999999999999 0.00109999999999999 0.0005500000000000124
48 14 0.9999999999999999 0.00109999999999999 0.0005500000000000124
49 14 0.9999999999999999 0.00109999999999999 0.0005500000000000124
50 14 0.9999999999999999 0.00109999999999999 0.0005500000000000124
51 14 0.9999999999999999 0.00109999999999999 0.0005500000000000124
52 14 0.9999999999999999 0.00109999999999999 0.0005500000000000124
53 14 0.9999999999999999 0.00109999999999999 0.0005500000000000124
54 14 0.9999999999999999 0.00109999999999999 0.0005500000000000124
55 14 0.9999999999999999 0.00109999999999999 0.0005500000000000124
56 14 0.9999999999999999 0.00109999999999999 0.0005500000000000124
57 14 0.9999999999999999 0.00109999999999999 0.0005500000000000124
58 14 0.9999999999999999 0.00109999999999999 0.0005500000000000124
59 14 1.00055 0.0007329302217113806 3.4675398050608307e-18
0 15 0.99945 0.0007337368886220641 3.471356197862439e-18
1 15 0.9999999999999999 0.00109999999999999 0.0005500000000000124
2 15 0.9999999999999999 0.00109999999999999 0.0005500000000000124
3 15 0.9999999999999999 0.00109999999999999 0.0005500000000000124
4 15 0.9999999999999999 0.00109999999999999 0.0005500000000000124
5 15 0.9999999999999999 0.00109999999999999 0.0005500000000000124
6 15 0.9999999999999999 0.00109999999999999 0.0005500000000000124
7 15 0.9999999999999999 0.00109999999999999 0.0005500000000000124
8 15 0.9999999999999999 0.00109999999999999 0.0005500000000000124
9 15 0.9999999999999999 0.00109999999999999 0.0005500000000000124
10 15 0.9999999999999999 0.00109999999999999 0.0005500000000000124
11 15 0.9999999999999999 0.00109999999999999 0.0005500000000000124
12 15 0.9999999999999999 0.00109999999999999 0.0005500000000000124
13 15 0.9999999999999999 0.00109999999999999 0.0005500000000000124
14 15 0.9999999999999999 0.00109999999999999 0.0005500000000000124
15 15 0.9999999999999999 0.00109999999999999 0.0005500000000000124
16 15 0.9999999999999999 0.00109999999999999 0.0005500000000000124
17 15 0.9999999999999999 0.00109999999999999 0.0005500000000000124
18 15 0.9999999999999999 0.00109999999999999 0.0005500000000000124
19 15 0.9999999999999999 0.00109999999999999 0.0005500000000000124
20 15 0.9999999999999999 0.00109999999999999 0.0005500000000000124
21 15 0.9999999999999999 0.00109999999999999 0.0005500000000000124
22 15 0.9999999999999999 0.00109999999999999 0.0005500000000000124
23 15 0.9999999999999999 0.00109999999999999 0.0005500000000000124
24 15 0.9999999999999999 0.00109999999999999 0.0005500000000000124
25 15 0.9999999999999999 0.00109999999999999 0.0005500000000000124
26 15 0.9999999999999999 0.00109999999999999 0.0005500000000000124
27 15 0.9999999999999999 0.00109999999999999 0.0005500000000000124
28 15 0.9999999999999999 0.00109999999999999 0.0005500000000000124
29 15 0.9999999999999999 0.00109999999999999 0.0005500000000000124
30 15 0.9999999999999999 0.00109999999999999 0.0005500000000000124
31 15 0.9999999999999999 0.00109999999999999 0.0005500000000000124
32 15 0.9999999999999999 0.00109999999999999 0.0005500000000000124
33 15 0.9999999999999999 0.00109999999999999 0.0005500000000000124
34 15 0.9999999999999999 0.00109999999999999 0.0005500000000000124
35 15 0.9999999999999999 0.00109999999999999 0.0005500000000000124
36 15 0.9999999999999999 0.00109999999999999 0.0005500000000000124
37 15 0.9999999999999999 0.00109999999999999 0.0005500000000000124
38 15 0.9999999999999999 0.00109999999999999 0.0005500000000000124
39 15 0.9999999999999999 0.00109999999999999 0.0005500000000000124
40 15 0.9999999999999999 0.00109999999999999 0.0005500000000000124
41 15 0.9999999999999999 0.00109999999999999 0.0005500000000000124
42 15 0.9999999999999999 0.00109999999999999 0.0005500000000000124
43 15 0.9999999999999999 0.00109999999999999 0.0005500000000000124
44 15 0.9999999999999999 0.00109999999999999 0.0005500000000000124
45 15 0.9999999999999999 0.00109999999999999 0.0005500000000000124
46 15 0.9999999999999999 0.00109999999999999 0.0005500000000000124
47 15 0.9999999999999999 0.00109999999999999 0.0005500000000000124
48 15 0.9999999999999999 0.00109999999999999 0.0005500000000000124
49 15 0.9999999999999999 0.00109999999999999 0.0005500000000000124
50 15 0.9999999999999999 0.00109999999999999 0.0005500000000000124
51 15 0.9999999999999999 0.00109999999999999 0.0005500000000000124
52 15 0.9999999999999999 0.00109999999999999 0.0005500000000000124
53 15 0.9999999999999999 0.00109999999999999 0.0005500000000000124
54 15 0.9999999999999999 0.00109999999999999 0.0005500000000000124
55 15 0.9999999999999999 0.00109999999999999 0.0005500000000000124
56 15 0.9999999999999999 0.00109999999999999 0.0005500000000000124
57 15 0.9999999999999999 0.00109999999999999 0.0005500000000000124
58 15 0.9999999999999999 0.00109999999999999 0.0005500000000000124
59 15 1.00055 0.0007329302217113806 3.4675398050608307e-18
0 16 0.99945 0.0007337368886220641 3.471356197862439e-18
1 16 0.9999999999999999 0.00109999999999999 0.0005500000000000124
2 16 0.9999999999999999 0.00109999999999999 0.0005500000000000124
3 16 0.9999999999999999 0.00109999999999999 0.0005500000000000124
4 16 0.9999999999999999 0.00109999999999999 0.0005500000000000124
5 16 0.9999999999999999 0.00109999999999999 0.0005500000000000124
6 16 0.9999999999999999 0.00109999999999999 0.0005500000000000124
7 16 0.9999999999999999 0.00109999999999999 0.0005500000000000124
8 16 0.9999999999999999 0.00109999999999999 0.0005500000000000124
9 16 0.9999999999999999 0.00109999999999999 0.0005500000000000124
10 16 0.9999999999999999 0.00109999999999999 0.0005500000000000124
11 16 0.9999999999999999 0.00109999999999999 0.0005500000000000124
12 16 0.9999999999999999 0.00109999999999999 0.0005500000000000124
13 16 0.9999999999999999 0.00109999999999999 0.0005500000000000124
14 16 0.9999999999999999 0.00109999999999999 0.0005500000000000124
15 16 0.9999999999999999 0.00109999999999999 0.0005500000000000124
16 16 0.9999999999999999 0.00109999999999999 0.0005500000000000124
17 16 0.9999999999999999 0.00109999999999999 0.0005500000000000124
18 16 0.9999999999999999 0.00109999999999999 0.0005500000000000124
19 16 0.9999999999999999 0.00109999999999999 0.0005500000000000124
20 16 0.9999999999999999 0.00109999999999999 0.0005500000000000124
21 16 0.9999999999999999 0.00109999999999999 0.0005500000000000124
22 16 0.9999999999999999 0.00109999999999999 0.0005500000000000124
23 16 0.9999999999999999 0.00109999999999999 0.0005500000000000124
24 16 0.9999999999999999 0.00109999999999999 0.0005500000000000124
25 16 0.9999999999999999 0.00109999999999999 0.0005500000000000124
26 16 0.9999999999999999 0.00109999999999999 0.0005500000000000124
27 16 0.9999999999999999 0.00109999999999999 0.0005500000000000124
28 16 0.9999999999999999 0.00109999999999999 0.0005500000000000124
29 16 0.9999999999999999 0.00109999999999999 0.0005500000000000124
30 16 0.9999999999999999 0.00109999999999999 0.0005500000000000124
31 16 0.9999999999999999 0.00109999999999999 0.0005500000000000124
32 16 0.9999999999999999 0.00109999999999999 0.0005500000000000124
33 16 0.9999999999999999 0.00109999999999999 0.0005500000000000124
34 16 0.9999999999999999 0.00109999999999999 0.0005500000000000124
35 16 0.9999999999999999 0.00109999999999999 0.0005500000000000124
36 16 0.9999999999999999 0.00109999999999999 0.0005500000000000124
37 16 0.9999999999999999 0.00109999999999999 0.0005500000000000124
38 16 0.9999999999999999 0.00109999999999999 0.0005500000000000124
39 16 0.9999999999999999 0.00109999999999999 0.0005500000000000124
40 16 0.9999999999999999 0.00109999999999999 0.0005500000000000124
41 16 0.9999999999999999 0.00109999999999999 0.0005500000000000124
42 16 0.9999999999999999 0.00109999999999999 0.0005500000000000124
43 16 0.9999999999999999 0.00109999999999999 0.0005500000000000124
44 16 0.9999999999999999 0.00109999999999999 0.0005500000000000124
45 16 0.9999999999999999 0.00109999999999999 0.0005500000000000124
46 16 0.9999999999999999 0.00109999999999999 0.0005500000000000124
47 16 0.9999999999999999 0.00109999999999999 0.0005500000000000124
48 16 0.9999999999999999 0.00109999999999999 0.0005500000000000124
49 16 0.9999999999999999 0.00109999999999999 0.0005500000000000124
50 16 0.9999999999999999 0.00109999999999999 0.0005500000000000124
51 16 0.9999999999999999 0.00109999999999999 0.0005500000000000124
52 16 0.9999999999999999 0.00109999999999999 0.0005500000000000124
53 16 0.9999999999999999 0.00109999999999999 0.0005500000000000124
54 16 0.9999999999999999 0.00109999999999999 0.0005500000000000124
55 16 0.9999999999999999 0.00109999999999999 0.0005500000000000124
56 16 0.9999999999999999 0.00109999999999999 0.0005500000000000124
57 16 0.9999999999999999 0.00109999999999999 0.0005500000000000124
58 16 0.9999999999999999 0.00109999999999999 0.0005500000000000124
59 16 1.00055 0.0007329302217113806 3.4675398050608307e-18
0 17 0.99945 0.0007337368886220641 3.471356197862439e-18
1 17 0.9999999999999999 0.00109999999999999 0.0005500000000000124
2 17 0.9999999999999999 0.00109999999999999 0.0005500000000000124
3 17 0.9999999999999999 0.00109999999999999 0.0005500000000000124
4 17 0.9999999999999999 0.00109999999999999 0.0005500000000000124
5 17 0.9999999999999999 0.00109999999999999 0.0005500000000000124
6 17 0.9999999999999999 0.00109999999999999 0.0005500000000000124
7 17 0.9999999999999999 0.00109999999999999 0.0005500000000000124
8 17 0.9999999999999999 0.00109999999999999 0.0005500000000000124
9 17 0.9999999999999999 0.00109999999999999 0.0005500000000000124
10 17 0.9999999999999999 0.00109999999999999 0.0005500000000000124
11 17 0.9999999999999999 0.00109999999999999 0.0005500000000000124
12 17 0.9999999999999999 0.00109999999999999 0.0005500000000000124
13 17 0.9999999999999999 0.00109999999999999 0.0005500000000000124
14 17 0.9999999999999999 0.00109999999999999 0.0005500000000000124
15 17 0.9999999999999999 0.00109999999999999 0.0005500000000000124
16 17 0.9999999999999999 0.00109999999999999 0.0005500000000000124
17 17 0.9999999999999999 0.00109999999999999 0.0005500000000000124
18 17 0.9999999999999999 0.00109999999999999 0.0005500000000000124
19 17 0.9999999999999999 0.00109999999999999 0.0005500000000000124
20 17 0.9999999999999999 0.00109999999999999 0.0005500000000000124
21 17 0.9999999999999999 0.00109999999999999 0.0005500000000000124
22 17 0.9999999999999999 0.00109999999999999 0.0005500000000000124
23 17 0.9999999999999999 0.00109999999999999 0.0005500000000000124
24 17 0.9999999999999999 0.00109999999999999 0.0005500000000000124
25 17 0.9999999999999999 0.00109999999999999 0.0005500000000000124
26 17 0.9999999999999999 0.00109999999999999 0.0005500000000000124
27 17 0.9999999999999999 0.00109999999999999 0.0005500000000000124
28 17 0.9999999999999999 0.00109999999999999 0.0005500000000000124
29 17 0.9999999999999999 0.00109999999999999 0.0005500000000000124
30 17 0.9999999999999999 0.00109999999999999 0.0005500000000000124
31 17 0.9999999999999999 0.00109999999999999 0.0005500000000000124
32 17 0.9999999999999999 0.00109999999999999 0.0005500000000000124
33 17 0.9999999999999999 0.00109999999999999 0.0005500000000000124
34 17 0.9999999999999999 0.00109999999999999 0.0005500000000000124
35 17 0.9999999999999999 0.00109999999999999 0.0005500000000000124
36 17 0.9999999999999999 0.00109999999999999 0.0005500000000000124
37 17 0.9999999999999999 0.00109999999999999 0.0005500000000000124
38 17 0.9999999999999999 0.00109999999999999 0.0005500000000000124
39 17 0.9999999999999999 0.00109999999999999 0.0005500000000000124
40 17 0.9999999999999999 0.00109999999999999 0.0005500000000000124
41 17 0.9999999999999999 0.00109999999999999 0.0005500000000000124
42 17 0.9999999999999999 0.00109999999999999 0.0005500000000000124
43 17 0.9999999999999999 0.00109999999999999 0.0005500000000000124
44 17 0.9999999999999999 0.00109999999999999 0.0005500000000000124
45 17 0.9999999999999999 0.00109999999999999 0.0005500000000000124
46 17 0.9999999999999999 0.00109999999999999 0.0005500000000000124
47 17 0.9999999999999999 0.00109999999999999 0.0005500000000000124
48 17 0.9999999999999999 0.00109999999999999 0.0005500000000000124
49 17 0.9999999999999999 0.00109999999999999 0.0005500000000000124
50 17 0.9999999999999999 0.00109999999999999 0.0005500000000000124
51 17 0.9999999999999999 0.00109999999999999 0.0005500000000000124
52 17 0.9999999999999999 0.00109999999999999 0.0005500000000000124
53 17 0.9999999999999999 0.00109999999999999 0.0005500000000000124
54 17 0.9999999999999999 0.00109999999999999 0.0005500000000000124
55 17 0.9999999999999999 0.00109999999999999 0.0005500000000000124
56 17 0.9999999999999999 0.00109999999999999 0.0005500000000000124
57 17 0.9999999999999999 0.00109999999999999 0.0005500000000000124
58 17 0.9999999999999999 0.00109999999999999 0.0005500000000000124
59 17 1.00055 0.0007329302217113806 3.4675398050608307e-18
0 18 0.99945 0.0007337368886220641 3.471356197862439e-18
1 18 0.9999999999999999 0.00109999999999999 0.0005500000000000124
2 18 0.9999999999999999 0.00109999999999999 0.0005500000000000124
3 18 0.9999999999999999 0.00109999999999999 0.0005500000000000124
4 18 0.9999999999999999 0.00109999999999999 0.0005500000000000124
5 18 0.9999999999999999 0.00109999999999999 0.0005500000000000124
6 18 0.9999999999999999 0.00109999999999999 0.0005500000000000124
7 18 0.9999999999999999 0.00109999999999999 0.0005500000000000124
8 18 0.9999999999999999 0.00109999999999999 0.0005500000000000124
9 18 0.9999999999999999 0.00109999999999999 0.0005500000000000124
10 18 0.9999999999999999 0.00109999999999999 0.0005500000000000124
11 18 0.9999999999999999 0.00109999999999999 0.0005500000000000124
12 18 0.9999999999999999 0.00109999999999999 0.0005500000000000124
13 18 0.9999999999999999 0.00109999999999999 0.0005500000000000124
14 18 0.9999999999999999 0.00109999999999999 0.0005500000000000124
15 18 0.9999999999999999 0.00109999999999999 0.0005500000000000124
16 18 0.9999999999999999 0.00109999999999999 0.0005500000000000124
17 18 0.9999999999999999 0.00109999999999999 0.0005500000000000124
18 18 0.9999999999999999 0.00109999999999999 0.0005500000000000124
19 18 0.9999999999999999 0.00109999999999999 0.0005500000000000124
20 18 0.9999999999999999 0.00109999999999999 0.0005500000000000124
21 18 0.9999999999999999 0.00109999999999999 0.0005500000000000124
22 18 0.9999999999999999 0.00109999999999999 0.0005500000000000124
23 18 0.9999999999999999 0.00109999999999999 0.0005500000000000124
24 18 0.9999999999999999 0.00109999999999999 0.0005500000000000124
25 18 0.9999999999999999 0.00109999999999999 0.0005500000000000124
26 18 0.9999999999999999 0.00109999999999999 0.0005500000000000124
27 18 0.9999999999999999 0.00109999999999999 0.0005500000000000124
28 18 0.9999999999999999 0.00109999999999999 0.0005500000000000124
29 18 0.9999999999999999 0.00109999999999999 0.0005500000000000124
30 18 0.9999999999999999 0.00109999999999999 0.0005500000000000124
31 18 0.9999999999999999 0.00109999999999999 0.0005500000000000124
32 18 0.9999999999999999 0.00109999999999999 0.0005500000000000124
33 18 0.9999999999999999 0.00109999999999999 0.0005500000000000124
34 18 0.9999999999999999 0.00109999999999999 0.0005500000000000124
35 18 0.9999999999999999 0.00109999999999999 0.0005500000000000124
36 18 0.9999999999999999 0.00109999999999999 0.0005500000000000124
37 18 0.9999999999999999 0.00109999999999999 0.0005500000000000124
38 18 0.9999999999999999 0.00109999999999999 0.0005500000000000124
39 18 0.9999999999999999 0.00109999999999999 0.0005500000000000124
40 18 0.9999999999999999 0.00109999999999999 0.0005500000000000124
41 18 0.9999999999999999 0.00109999999999999 0.0005500000000000124
42 18 0.9999999999999999 0.00109999999999999 0.0005500000000000124
43 18 0.9999999999999999 0.00109999999999999 0.0005500000000000124
44 18 0.9999999999999999 0.00109999999999999 0.0005500000000000124
45 18 0.9999999999999999 0.00109999999999999 0.0005500000000000124
46 18 0.9999999999999999 0.00109999999999999 0.0005500000000000124
47 18 0.9999999999999999 0.00109999999999999 0.0005500000000000124
48 18 0.9999999999999999 0.00109999999999999 0.0005500000000000124
49 18 0.9999999999999999 0.00109999999999999 0.0005500000000000124
50 18 0.9999999999999999 0.00109999999999999 0.0005500000000000124
51 18 0.9999999999999999 0.00109999999999999 0.0005500000000000124
52 18 0.9999999999999999 0.00109999999999999 0.0005500000000000124
53 18 0.9999999999999999 0.00109999999999999 0.0005500000000000124
54 18 0.9999999999999999 0.00109999999999999 0.0005500000000000124
55 18 0.9999999999999999 0.00109999999999999 0.0005500000000000124
56 18 0.9999999999999999 0.00109999999999999 0.0005500000000000124
57 18 0.9999999999999999 0.00109999999999999 0.0005500000000000124
58 18 0.9999999999999999 0.00109999999999999 0.0005500000000000124
59 18 1.00055 0.0007329302217113806 3.4675398050608307e-18
0 19 0.99945 0.0007337368886220641 3.471356197862439e-18
1 19 0.9999999999999999 0.00109999999999999 0.0005500000000000124
2 19 0.9999999999999999 0.00109999999999999 0.0005500000000000124
3 19 0.9999999999999999 0.00109999999999999 0.0005500000000000124
4 19 0.9999999999999999 0.00109999999999999 0.0005500000000000124
5 19 0.9999999999999999 0.00109999999999999 0.0005500000000000124
6 19 0.9999999999999999 0.00109999999999999 0.0005500000000000124
7 19 0.9999999999999999 0.00109999999999999 0.0005500000000000124
8 19 0.9999999999999999 0.00109999999999999 0.0005500000000000124
9 19 0.9999999999999999 0.00109999999999999 0.0005500000000000124
10 19 0.9999999999999999 0.00109999999999999 0.0005500000000000124
11 19 0.9999999999999999 0.00109999999999999 0.0005500000000000124
12 19 0.9999999999999999 0.00109999999999999 0.0005500000000000124
13 19 0.9999999999999999 0.00109999999999999 0.0005500000000000124
14 19 0.9999999999999999 0.00109999999999999 0.0005500000000000124
15 19 0.9999999999999999 0.00109999999999999 0.0005500000000000124
16 19 0.9999999999999999 0.00109999999999999 0.0005500000000000124
17 19 0.9999999999999999 0.00109999999999999 0.0005500000000000124
18 19 0.9999999999999999 0.00109999999999999 0.0005500000000000124
19 19 0.9999999999999999 0.00109999999999999 0.0005500000000000124
20 19 0.9999999999999999 0.00109999999999999 0.0005500000000000124
21 19 0.9999999999999999 0.00109999999999999 0.0005500000000000124
22 19 0.9999999999999999 0.00109999999999999 0.0005500000000000124
23 19 0.9999999999999999 0.00109999999999999 0.0005500000000000124
24 19 0.9999999999999999 0.00109999999999999 0.0005500000000000124
25 19 0.9999999999999999 0.00109999999999999 0.0005500000000000124
26 19 0.9999999999999999 0.00109999999999999 0.0005500000000000124
27 19 0.9999999999999999 0.00109999999999999 0.0005500000000000124
28 19 0.9999999999999999 0.00109999999999999 0.0005500000000000124
29 19 0.9999999999999999 0.00109999999999999 0.0005500000000000124
30 19 0.9999999999999999 0.00109999999999999 0.0005500000000000124
31 19 0.9999999999999999 0.00109999999999999 0.0005500000000000124
32 19 0.9999999999999999 0.00109999999999999 0.0005500000000000124
33 19 0.9999999999999999 0.00109999999999999 0.0005500000000000124
34 19 0.9999999999999999 0.00109999999999999 0.0005500000000000124
35 19 0.9999999999999999 0.00109999999999999 0.0005500000000000124
36 19 0.9999999999999999 0.00109999999999999 0.0005500000000000124
37 19 0.9999999999999999 0.00109999999999999 0.0005500000000000124
38 19 0.9999999999999999 0.00109999999999999 0.0005500000000000124
39 19 0.9999999999999999 0.00109999999999999 0.0005500000000000124
40 19 0.9999999999999999 0.00109999999999999 0.0005500000000000124
41 19 0.9999999999999999 0.00109999999999999 0.0005500000000000124
42 19 0.9999999999999999 0.00109999999999999 0.0005500000000000124
43 19 0.9999999999999999 0.00109999999999999 0.0005500000000000124
44 19 0.9999999999999999 0.00109999999999999 0.0005500000000000124
45 19 0.9999999999999999 0.00109999999999999 0.0005500000000000124
46 19 0.9999999999999999 0.00109999999999999 0.0005500000000000124
47 19 0.9999999999999999 0.00109999999999999 0.0005500000000000124
48 19 0.9999999999999999 0.00109999999999999 0.0005500000000000124
49 19 0.9999999999999999 0.00109999999999999 0.0005500000000000124
50 19 0.9999999999999999 0.00109999999999999 0.0005500000000000124
51 19 0.9999999999999999 0.00109999999999999 0.0005500000000000124
52 19 0.9999999999999999 0.00109999999999999 0.0005500000000000124
53 19 0.9999999999999999 0.00109999999999999 0.0005500000000000124
54 19 0.9999999999999999 0.00109999999999999 0.0005500000000000124
55 19 0.9999999999999999 0.00109999999999999 0.0005500000000000124
56 19 0.9999999999999999 0.00109999999999999 0.0005500000000000124
57 19 0.9999999999999999 0.00109999999999999 0.0005500000000000124
58 19 0.9999999999999999 0.00109999999999999 0.0005500000000000124
59 19 1.00055 0.0007329302217113806 3.4675398050608307e-18
